6.200000	-7.080000	-13.870000	4.550000
6.200000	-7.080000	-13.870000	4.550000
0.000000	-8.510000	-22.330000	2.610000
0.000000	-8.510000	-22.330000	2.610000
0.000000	-14.380000	-26.790001	0.690000
0.000000	-14.380000	-26.790001	0.690000
0.000000	-15.430000	-22.030001	2.030000
0.000000	-15.430000	-22.030001	2.030000
3.125000	-12.290000	-19.400000	1.850000
3.125000	-12.290000	-19.400000	1.850000
7.275000	-7.280000	-14.450000	3.130000
7.275000	-7.280000	-14.450000	3.130000
3.475000	-2.520000	-15.240000	5.660000
3.475000	-2.520000	-15.240000	5.660000
0.000000	-11.430000	-22.709999	2.160000
0.000000	-11.430000	-22.709999	2.160000
0.000000	-16.670000	-28.750000	0.330000
0.000000	-16.670000	-28.750000	0.330000
0.000000	-15.230000	-27.030001	0.370000
0.000000	-15.230000	-27.030001	0.370000
0.000000	-14.300000	-24.000000	0.710000
0.000000	-14.300000	-24.000000	0.710000
0.000000	-14.000000	-20.250000	1.400000
0.000000	-14.000000	-20.250000	1.400000
0.150000	-13.090000	-17.650000	2.010000
0.150000	-13.090000	-17.650000	2.010000
0.400000	-8.270000	-16.139999	2.860000
0.400000	-8.270000	-16.139999	2.860000
0.250000	-4.180000	-15.530000	2.400000
0.250000	-4.180000	-15.530000	2.400000
0.775000	-8.480000	-18.510000	1.860000
0.775000	-8.480000	-18.510000	1.860000
0.250000	-6.620000	-16.010000	2.590000
0.250000	-6.620000	-16.010000	2.590000
0.000000	-10.150000	-21.889999	1.890000
0.000000	-10.150000	-21.889999	1.890000
0.000000	-9.760000	-24.160000	0.480000
0.000000	-9.760000	-24.160000	0.480000
1.575000	-14.800000	-21.370001	1.910000
1.575000	-14.800000	-21.370001	1.910000
1.350000	-14.850000	-21.000000	3.340000
1.350000	-14.850000	-21.000000	3.340000
0.000000	-14.080000	-22.010000	2.380000
0.000000	-14.080000	-22.010000	2.380000
0.000000	-16.030001	-27.469999	3.370000
0.000000	-16.030001	-27.469999	3.370000
0.250000	-15.280000	-21.129999	2.220000
0.250000	-15.280000	-21.129999	2.220000
2.300000	-16.020000	-20.459999	2.430000
2.300000	-16.020000	-20.459999	2.430000
1.425000	-14.690000	-19.070000	1.830000
1.425000	-14.690000	-19.070000	1.830000
0.000000	-10.710000	-19.719999	1.200000
0.000000	-10.710000	-19.719999	1.200000
0.000000	-10.720000	-19.610001	1.580000
0.000000	-10.720000	-19.610001	1.580000
0.025000	-10.560000	-15.050000	2.680000
0.025000	-10.560000	-15.050000	2.680000
0.000000	-7.250000	-18.530001	1.310000
0.000000	-7.250000	-18.530001	1.310000
0.000000	-9.020000	-22.370001	0.910000
0.000000	-9.020000	-22.370001	0.910000
0.000000	-9.340000	-16.230000	1.840000
0.000000	-9.340000	-16.230000	1.840000
1.875000	-10.680000	-16.400000	3.010000
1.875000	-10.680000	-16.400000	3.010000
4.375000	-10.300000	-17.879999	2.980000
4.375000	-10.300000	-17.879999	2.980000
1.225000	-8.230000	-14.860000	3.750000
1.225000	-8.230000	-14.860000	3.750000
14.200000	-10.260000	-18.870001	2.530000
14.200000	-10.260000	-18.870001	2.530000
9.625000	-9.930000	-15.820000	5.710000
9.625000	-9.930000	-15.820000	5.710000
9.800000	-6.660000	-17.049999	5.050000
9.800000	-6.660000	-17.049999	5.050000
12.750000	-5.730000	-14.770000	5.310000
12.750000	-5.730000	-14.770000	5.310000
29.299999	-6.040000	-10.760000	3.600000
29.299999	-6.040000	-10.760000	3.600000
18.500000	-5.670000	-12.580000	7.800000
18.500000	-5.670000	-12.580000	7.800000
0.375000	-9.280000	-21.120001	2.170000
0.375000	-9.280000	-21.120001	2.170000
0.000000	-11.010000	-20.450001	1.710000
0.000000	-11.010000	-20.450001	1.710000
10.450000	-11.100000	-24.440001	2.090000
10.450000	-11.100000	-24.440001	2.090000
11.975000	-8.100000	-16.590000	5.700000
11.975000	-8.100000	-16.590000	5.700000
130.550003	-3.960000	-15.400000	5.370000
130.550003	-3.960000	-15.400000	5.370000
115.175003	-2.930000	-8.100000	7.030000
115.175003	-2.930000	-8.100000	7.030000
19.875000	-4.560000	-8.380000	7.130000
19.875000	-4.560000	-8.380000	7.130000
9.875000	-6.010000	-12.570000	3.690000
9.875000	-6.010000	-12.570000	3.690000
16.025000	-7.700000	-16.510000	1.250000
16.025000	-7.700000	-16.510000	1.250000
20.975000	-6.460000	-14.610000	2.920000
20.975000	-6.460000	-14.610000	2.920000
38.650002	-8.020000	-12.250000	4.010000
38.650002	-8.020000	-12.250000	4.010000
17.424999	-3.540000	-9.190000	5.110000
17.424999	-3.540000	-9.190000	5.110000
1.350000	-1.120000	-7.750000	2.100000
1.350000	-1.120000	-7.750000	2.100000
0.000000	-1.140000	-7.630000	2.460000
0.000000	-1.140000	-7.630000	2.460000
0.000000	-1.000000	-10.030000	1.750000
0.000000	-1.000000	-10.030000	1.750000
0.000000	-0.170000	-13.450000	2.740000
0.000000	-0.170000	-13.450000	2.740000
0.000000	-0.860000	-13.330000	2.390000
0.000000	-0.860000	-13.330000	2.390000
0.000000	-0.620000	-14.090000	2.390000
0.000000	-0.620000	-14.090000	2.390000
0.000000	-0.710000	-13.680000	1.970000
0.000000	-0.710000	-13.680000	1.970000
0.000000	-0.850000	-10.690000	2.370000
0.000000	-0.850000	-10.690000	2.370000
0.000000	1.110000	-9.280000	1.770000
0.000000	1.110000	-9.280000	1.770000
0.000000	2.170000	-11.020000	0.510000
0.000000	2.170000	-11.020000	0.510000
0.000000	2.410000	-6.410000	0.380000
0.000000	2.410000	-6.410000	0.380000
0.000000	2.720000	-9.890000	0.660000
0.000000	2.720000	-9.890000	0.660000
0.500000	2.080000	-7.290000	2.170000
0.500000	2.080000	-7.290000	2.170000
6.575000	0.850000	-8.520000	2.970000
6.575000	0.850000	-8.520000	2.970000
0.000000	-1.200000	-11.860000	2.540000
0.000000	-1.200000	-11.860000	2.540000
0.000000	-1.500000	-15.620000	3.910000
0.000000	-1.500000	-15.620000	3.910000
3.300000	-0.230000	-11.390000	2.720000
3.300000	-0.230000	-11.390000	2.720000
13.425000	-1.610000	-7.440000	1.120000
13.425000	-1.610000	-7.440000	1.120000
4.675000	-2.970000	-7.480000	0.940000
4.675000	-2.970000	-7.480000	0.940000
3.250000	-3.110000	-8.010000	3.100000
3.250000	-3.110000	-8.010000	3.100000
9.675000	-3.320000	-9.000000	2.410000
9.675000	-3.320000	-9.000000	2.410000
7.850000	-2.240000	-6.940000	0.490000
7.850000	-2.240000	-6.940000	0.490000
5.625000	-1.460000	-6.160000	2.800000
5.625000	-1.460000	-6.160000	2.800000
19.825001	0.150000	-6.400000	2.740000
19.825001	0.150000	-6.400000	2.740000
10.900000	-0.680000	-6.150000	3.760000
10.900000	-0.680000	-6.150000	3.760000
3.700000	0.570000	-8.450000	4.290000
3.700000	0.570000	-8.450000	4.290000
1.550000	2.880000	-8.640000	2.590000
1.550000	2.880000	-8.640000	2.590000
0.000000	3.790000	-11.040000	2.210000
0.000000	3.790000	-11.040000	2.210000
0.075000	4.180000	-11.110000	2.310000
0.075000	4.180000	-11.110000	2.310000
0.075000	4.160000	-10.120000	2.810000
0.075000	4.160000	-10.120000	2.810000
4.450000	-0.590000	-6.570000	3.210000
4.450000	-0.590000	-6.570000	3.210000
7.950000	-1.390000	-8.270000	2.790000
7.950000	-1.390000	-8.270000	2.790000
2.300000	-2.960000	-10.650000	4.880000
2.300000	-2.960000	-10.650000	4.880000
0.000000	-0.620000	-11.290000	2.430000
0.000000	-0.620000	-11.290000	2.430000
0.225000	0.880000	-8.080000	0.960000
0.225000	0.880000	-8.080000	0.960000
0.125000	3.280000	-7.630000	2.650000
0.125000	3.280000	-7.630000	2.650000
0.000000	4.480000	-10.340000	1.420000
0.000000	4.480000	-10.340000	1.420000
0.000000	1.820000	-8.920000	0.740000
0.000000	1.820000	-8.920000	0.740000
0.000000	3.640000	-5.930000	3.450000
0.000000	3.640000	-5.930000	3.450000
0.000000	6.760000	-8.230000	1.250000
0.000000	6.760000	-8.230000	1.250000
0.000000	8.650000	-6.210000	1.590000
0.000000	8.650000	-6.210000	1.590000
0.175000	6.480000	-6.240000	3.670000
0.175000	6.480000	-6.240000	3.670000
0.000000	7.760000	-6.950000	1.840000
0.000000	7.760000	-6.950000	1.840000
0.000000	8.550000	-7.850000	1.080000
0.000000	8.550000	-7.850000	1.080000
0.000000	5.030000	-5.020000	2.770000
0.000000	5.030000	-5.020000	2.770000
0.000000	8.120000	-7.210000	1.240000
0.000000	8.120000	-7.210000	1.240000
0.000000	10.920000	-6.970000	1.280000
0.000000	10.920000	-6.970000	1.280000
0.000000	6.550000	-4.620000	2.270000
0.000000	6.550000	-4.620000	2.270000
0.000000	4.730000	-4.430000	3.190000
0.000000	4.730000	-4.430000	3.190000
0.000000	6.820000	-2.780000	2.010000
0.000000	6.820000	-2.780000	2.010000
0.000000	8.140000	-7.970000	2.570000
0.000000	8.140000	-7.970000	2.570000
0.000000	10.850000	-6.290000	1.420000
0.000000	10.850000	-6.290000	1.420000
0.000000	14.580000	-3.790000	1.640000
0.000000	14.580000	-3.790000	1.640000
0.625000	14.370000	-5.050000	0.660000
0.625000	14.370000	-5.050000	0.660000
0.000000	14.470000	-2.260000	1.320000
0.000000	14.470000	-2.260000	1.320000
0.750000	8.070000	0.790000	2.800000
0.750000	8.070000	0.790000	2.800000
6.375000	7.540000	-4.310000	3.010000
6.375000	7.540000	-4.310000	3.010000
3.700000	4.600000	-5.120000	2.970000
3.700000	4.600000	-5.120000	2.970000
3.825000	5.480000	-6.830000	1.020000
3.825000	5.480000	-6.830000	1.020000
6.375000	5.970000	-6.310000	2.240000
6.375000	5.970000	-6.310000	2.240000
2.175000	7.790000	-5.100000	1.660000
2.175000	7.790000	-5.100000	1.660000
0.000000	7.240000	-3.730000	1.140000
0.000000	7.240000	-3.730000	1.140000
0.000000	12.130000	-5.010000	1.480000
0.000000	12.130000	-5.010000	1.480000
1.750000	12.650000	-1.940000	0.440000
1.750000	12.650000	-1.940000	0.440000
0.625000	9.670000	-1.180000	2.230000
0.625000	9.670000	-1.180000	2.230000
0.100000	5.750000	-2.130000	3.800000
0.100000	5.750000	-2.130000	3.800000
11.375000	3.940000	-3.900000	2.620000
11.375000	3.940000	-3.900000	2.620000
13.700000	2.490000	-3.880000	2.950000
13.700000	2.490000	-3.880000	2.950000
1.300000	6.240000	-4.510000	3.140000
1.300000	6.240000	-4.510000	3.140000
0.225000	3.460000	-5.100000	2.720000
0.225000	3.460000	-5.100000	2.720000
0.000000	6.650000	-9.620000	1.520000
0.000000	6.650000	-9.620000	1.520000
0.000000	12.300000	-5.960000	1.250000
0.000000	12.300000	-5.960000	1.250000
0.000000	15.000000	-3.180000	1.850000
0.000000	15.000000	-3.180000	1.850000
0.000000	17.900000	-0.410000	1.750000
0.000000	17.900000	-0.410000	1.750000
0.000000	20.730000	0.150000	1.980000
0.000000	20.730000	0.150000	1.980000
0.000000	21.580000	1.620000	2.260000
0.000000	21.580000	1.620000	2.260000
0.000000	22.059999	1.600000	2.160000
0.000000	22.059999	1.600000	2.160000
0.000000	23.530001	-0.420000	1.720000
0.000000	23.530001	-0.420000	1.720000
0.000000	23.750000	2.120000	1.610000
0.000000	23.750000	2.120000	1.610000
0.000000	22.209999	1.810000	1.610000
0.000000	22.209999	1.810000	1.610000
0.000000	20.129999	1.960000	0.970000
0.000000	20.129999	1.960000	0.970000
0.000000	18.170000	6.210000	2.690000
0.000000	18.170000	6.210000	2.690000
0.100000	13.710000	2.640000	3.890000
0.100000	13.710000	2.640000	3.890000
0.150000	7.620000	0.630000	2.370000
0.150000	7.620000	0.630000	2.370000
0.000000	14.160000	-1.590000	3.140000
0.000000	14.160000	-1.590000	3.140000
0.225000	12.030000	-1.250000	1.390000
0.225000	12.030000	-1.250000	1.390000
0.500000	13.060000	-1.720000	2.290000
0.500000	13.060000	-1.720000	2.290000
0.000000	10.880000	4.240000	2.460000
0.000000	10.880000	4.240000	2.460000
0.000000	12.330000	1.850000	3.120000
0.000000	12.330000	1.850000	3.120000
0.000000	15.050000	1.640000	1.910000
0.000000	15.050000	1.640000	1.910000
0.000000	14.100000	1.200000	1.710000
0.000000	14.100000	1.200000	1.710000
0.000000	16.850000	-0.500000	0.550000
0.000000	16.850000	-0.500000	0.550000
0.000000	19.590000	-2.230000	1.650000
0.000000	19.590000	-2.230000	1.650000
0.000000	16.590000	5.340000	1.970000
0.000000	16.590000	5.340000	1.970000
0.000000	12.210000	1.110000	2.760000
0.000000	12.210000	1.110000	2.760000
0.000000	14.700000	-4.360000	2.300000
0.000000	14.700000	-4.360000	2.300000
0.000000	14.530000	2.800000	1.950000
0.000000	14.530000	2.800000	1.950000
0.500000	9.620000	2.730000	1.970000
0.500000	9.620000	2.730000	1.970000
0.000000	9.970000	0.980000	4.130000
0.000000	9.970000	0.980000	4.130000
0.000000	12.600000	2.060000	3.120000
0.000000	12.600000	2.060000	3.120000
0.000000	15.600000	-2.660000	1.830000
0.000000	15.600000	-2.660000	1.830000
0.000000	21.850000	0.020000	1.550000
0.000000	21.850000	0.020000	1.550000
0.000000	22.930000	0.980000	2.030000
0.000000	22.930000	0.980000	2.030000
0.000000	24.459999	0.930000	0.500000
0.000000	24.459999	0.930000	0.500000
0.000000	18.510000	4.760000	3.300000
0.000000	18.510000	4.760000	3.300000
0.000000	17.980000	-1.270000	2.090000
0.000000	17.980000	-1.270000	2.090000
0.000000	16.879999	6.320000	1.390000
0.000000	16.879999	6.320000	1.390000
0.000000	16.209999	4.580000	1.990000
0.000000	16.209999	4.580000	1.990000
0.000000	15.550000	2.420000	3.280000
0.000000	15.550000	2.420000	3.280000
0.000000	15.320000	-0.950000	2.240000
0.000000	15.320000	-0.950000	2.240000
0.000000	17.100000	2.540000	2.780000
0.000000	17.100000	2.540000	2.780000
0.000000	19.590000	0.960000	2.360000
0.000000	19.590000	0.960000	2.360000
1.925000	15.480000	1.990000	4.110000
1.925000	15.480000	1.990000	4.110000
2.075000	9.500000	-0.420000	4.020000
2.075000	9.500000	-0.420000	4.020000
2.400000	10.460000	-4.000000	1.720000
2.400000	10.460000	-4.000000	1.720000
0.000000	15.650000	-3.500000	2.990000
0.000000	15.650000	-3.500000	2.990000
0.000000	15.150000	-2.620000	1.680000
0.000000	15.150000	-2.620000	1.680000
0.000000	14.470000	-0.420000	0.850000
0.000000	14.470000	-0.420000	0.850000
0.000000	13.880000	0.980000	1.560000
0.000000	13.880000	0.980000	1.560000
0.000000	15.960000	4.030000	2.400000
0.000000	15.960000	4.030000	2.400000
0.000000	14.260000	2.350000	2.670000
0.000000	14.260000	2.350000	2.670000
0.125000	12.500000	5.500000	4.960000
0.125000	12.500000	5.500000	4.960000
0.000000	12.550000	-0.720000	2.730000
0.000000	12.550000	-0.720000	2.730000
0.000000	12.520000	0.260000	3.140000
0.000000	12.520000	0.260000	3.140000
0.000000	13.610000	-3.470000	1.490000
0.000000	13.610000	-3.470000	1.490000
1.000000	12.980000	-1.970000	1.890000
1.000000	12.980000	-1.970000	1.890000
0.000000	12.750000	-0.540000	3.100000
0.000000	12.750000	-0.540000	3.100000
0.000000	14.940000	-4.290000	0.970000
0.000000	14.940000	-4.290000	0.970000
0.000000	15.260000	-3.410000	1.540000
0.000000	15.260000	-3.410000	1.540000
0.000000	18.740000	1.970000	1.960000
