7.850000	-8.500000	-13.490000	4.660000
7.850000	-8.500000	-13.490000	4.660000
1.400000	-10.520000	-18.820000	2.540000
1.400000	-10.520000	-18.820000	2.540000
0.000000	-13.960000	-22.820000	0.780000
0.000000	-13.960000	-22.820000	0.780000
4.600000	-15.020000	-20.190001	2.090000
4.600000	-15.020000	-20.190001	2.090000
15.500000	-12.030000	-18.150000	1.810000
15.500000	-12.030000	-18.150000	1.810000
20.775000	-6.470000	-14.070000	3.230000
20.775000	-6.470000	-14.070000	3.230000
6.875000	-4.100000	-15.010000	5.980000
6.875000	-4.100000	-15.010000	5.980000
0.050000	-10.170000	-19.850000	2.090000
0.050000	-10.170000	-19.850000	2.090000
0.000000	-15.070000	-24.260000	0.310000
0.000000	-15.070000	-24.260000	0.310000
0.000000	-14.640000	-23.580000	0.460000
0.000000	-14.640000	-23.580000	0.460000
0.000000	-12.550000	-21.230000	0.840000
0.000000	-12.550000	-21.230000	0.840000
0.000000	-10.340000	-18.950001	1.500000
0.000000	-10.340000	-18.950001	1.500000
0.575000	-9.470000	-17.610001	2.070000
0.575000	-9.470000	-17.610001	2.070000
2.200000	-8.030000	-15.770000	3.020000
2.200000	-8.030000	-15.770000	3.020000
0.875000	-6.750000	-12.930000	2.260000
0.875000	-6.750000	-12.930000	2.260000
1.100000	-8.880000	-16.730000	1.870000
1.100000	-8.880000	-16.730000	1.870000
1.300000	-6.670000	-15.440000	2.590000
1.300000	-6.670000	-15.440000	2.590000
1.175000	-8.750000	-17.090000	1.960000
1.175000	-8.750000	-17.090000	1.960000
0.350000	-8.800000	-20.350000	0.650000
0.350000	-8.800000	-20.350000	0.650000
0.575000	-11.630000	-21.370001	2.050000
0.575000	-11.630000	-21.370001	2.050000
0.225000	-13.770000	-20.230000	3.280000
0.225000	-13.770000	-20.230000	3.280000
0.000000	-13.450000	-19.950001	2.430000
0.000000	-13.450000	-19.950001	2.430000
0.000000	-13.320000	-22.930000	3.550000
0.000000	-13.320000	-22.930000	3.550000
0.050000	-14.090000	-22.889999	2.470000
0.050000	-14.090000	-22.889999	2.470000
0.800000	-16.280001	-22.870001	2.470000
0.800000	-16.280001	-22.870001	2.470000
1.350000	-12.860000	-19.170000	1.760000
1.350000	-12.860000	-19.170000	1.760000
0.425000	-10.620000	-15.710000	1.110000
0.425000	-10.620000	-15.710000	1.110000
0.000000	-7.750000	-16.980000	1.780000
0.000000	-7.750000	-16.980000	1.780000
0.000000	-9.740000	-14.960000	2.590000
0.000000	-9.740000	-14.960000	2.590000
0.000000	-7.100000	-15.570000	1.230000
0.000000	-7.100000	-15.570000	1.230000
0.000000	-7.370000	-19.400000	0.900000
0.000000	-7.370000	-19.400000	0.900000
0.000000	-8.610000	-18.240000	1.950000
0.000000	-8.610000	-18.240000	1.950000
0.600000	-9.290000	-16.299999	3.090000
0.600000	-9.290000	-16.299999	3.090000
1.475000	-8.560000	-15.870000	3.000000
1.475000	-8.560000	-15.870000	3.000000
0.575000	-9.050000	-15.440000	3.580000
0.575000	-9.050000	-15.440000	3.580000
13.150000	-8.880000	-19.150000	2.390000
13.150000	-8.880000	-19.150000	2.390000
20.750000	-10.570000	-18.340000	5.660000
20.750000	-10.570000	-18.340000	5.660000
17.549999	-8.420000	-14.570000	5.170000
17.549999	-8.420000	-14.570000	5.170000
10.525000	-7.320000	-12.980000	5.320000
10.525000	-7.320000	-12.980000	5.320000
44.075001	-6.910000	-10.880000	3.550000
44.075001	-6.910000	-10.880000	3.550000
43.400002	-6.600000	-11.660000	7.750000
43.400002	-6.600000	-11.660000	7.750000
11.175000	-8.480000	-16.959999	2.230000
11.175000	-8.480000	-16.959999	2.230000
0.000000	-8.720000	-21.500000	1.860000
0.000000	-8.720000	-21.500000	1.860000
18.174999	-11.340000	-23.730000	2.170000
18.174999	-11.340000	-23.730000	2.170000
24.475000	-10.250000	-19.629999	5.900000
24.475000	-10.250000	-19.629999	5.900000
95.824997	-6.420000	-13.450000	5.300000
95.824997	-6.420000	-13.450000	5.300000
123.775002	-5.640000	-9.540000	7.190000
123.775002	-5.640000	-9.540000	7.190000
45.599998	-4.740000	-9.330000	7.210000
45.599998	-4.740000	-9.330000	7.210000
7.900000	-7.590000	-11.180000	3.640000
7.900000	-7.590000	-11.180000	3.640000
9.925000	-7.130000	-16.820000	1.230000
9.925000	-7.130000	-16.820000	1.230000
19.325001	-8.740000	-16.090000	3.030000
19.325001	-8.740000	-16.090000	3.030000
48.099998	-8.490000	-14.990000	4.010000
48.099998	-8.490000	-14.990000	4.010000
35.174999	-6.140000	-10.400000	5.140000
35.174999	-6.140000	-10.400000	5.140000
7.850000	-4.100000	-9.400000	2.180000
7.850000	-4.100000	-9.400000	2.180000
0.000000	-2.000000	-9.940000	2.540000
0.000000	-2.000000	-9.940000	2.540000
0.000000	-0.920000	-10.810000	1.820000
0.000000	-0.920000	-10.810000	1.820000
0.000000	0.890000	-11.660000	2.850000
0.000000	0.890000	-11.660000	2.850000
0.000000	-0.090000	-12.220000	2.460000
0.000000	-0.090000	-12.220000	2.460000
0.000000	0.760000	-12.700000	2.500000
0.000000	0.760000	-12.700000	2.500000
0.000000	1.160000	-12.860000	2.080000
0.000000	1.160000	-12.860000	2.080000
0.000000	-0.440000	-10.940000	2.450000
0.000000	-0.440000	-10.940000	2.450000
0.000000	1.200000	-9.600000	1.780000
0.000000	1.200000	-9.600000	1.780000
0.000000	3.000000	-10.920000	0.430000
0.000000	3.000000	-10.920000	0.430000
0.000000	2.440000	-8.980000	0.400000
0.000000	2.440000	-8.980000	0.400000
0.625000	2.280000	-11.490000	0.660000
0.625000	2.280000	-11.490000	0.660000
7.100000	2.500000	-8.880000	2.370000
7.100000	2.500000	-8.880000	2.370000
5.125000	-0.060000	-9.560000	3.070000
5.125000	-0.060000	-9.560000	3.070000
0.000000	-1.670000	-11.890000	2.700000
0.000000	-1.670000	-11.890000	2.700000
0.000000	-0.780000	-13.510000	4.130000
0.000000	-0.780000	-13.510000	4.130000
4.675000	0.730000	-11.040000	2.920000
4.675000	0.730000	-11.040000	2.920000
18.150000	1.150000	-9.200000	1.010000
18.150000	1.150000	-9.200000	1.010000
7.225000	-3.990000	-9.470000	0.810000
7.225000	-3.990000	-9.470000	0.810000
6.850000	-4.490000	-8.540000	3.440000
6.850000	-4.490000	-8.540000	3.440000
6.650000	-3.410000	-9.540000	2.520000
6.650000	-3.410000	-9.540000	2.520000
5.800000	-0.390000	-7.950000	0.520000
5.800000	-0.390000	-7.950000	0.520000
4.925000	-0.720000	-8.120000	2.780000
4.925000	-0.720000	-8.120000	2.780000
12.400000	-0.750000	-8.210000	2.690000
12.400000	-0.750000	-8.210000	2.690000
15.475000	1.800000	-7.910000	3.860000
15.475000	1.800000	-7.910000	3.860000
18.299999	0.020000	-8.390000	4.380000
18.299999	0.020000	-8.390000	4.380000
6.375000	-1.010000	-9.320000	2.680000
6.375000	-1.010000	-9.320000	2.680000
0.000000	1.920000	-11.250000	2.310000
0.000000	1.920000	-11.250000	2.310000
0.000000	2.760000	-12.170000	2.150000
0.000000	2.760000	-12.170000	2.150000
4.300000	1.670000	-10.860000	2.890000
4.300000	1.670000	-10.860000	2.890000
4.550000	0.790000	-8.370000	3.300000
4.550000	0.790000	-8.370000	3.300000
14.225000	-2.560000	-9.050000	2.920000
14.225000	-2.560000	-9.050000	2.920000
7.075000	-3.820000	-10.610000	5.100000
7.075000	-3.820000	-10.610000	5.100000
0.525000	-2.910000	-11.300000	2.530000
0.525000	-2.910000	-11.300000	2.530000
1.275000	-0.550000	-9.880000	1.060000
1.275000	-0.550000	-9.880000	1.060000
0.625000	-0.730000	-8.450000	2.720000
0.625000	-0.730000	-8.450000	2.720000
0.000000	0.970000	-10.930000	1.360000
0.000000	0.970000	-10.930000	1.360000
0.650000	3.080000	-10.470000	0.730000
0.650000	3.080000	-10.470000	0.730000
0.250000	-0.700000	-7.930000	3.590000
0.250000	-0.700000	-7.930000	3.590000
0.000000	2.550000	-10.390000	1.350000
0.000000	2.550000	-10.390000	1.350000
2.625000	7.480000	-8.720000	1.520000
2.625000	7.480000	-8.720000	1.520000
1.275000	7.840000	-6.200000	3.810000
1.275000	7.840000	-6.200000	3.810000
0.000000	5.410000	-9.430000	1.900000
0.000000	5.410000	-9.430000	1.900000
0.000000	8.530000	-9.540000	1.180000
0.000000	8.530000	-9.540000	1.180000
0.000000	5.070000	-8.020000	2.810000
0.000000	5.070000	-8.020000	2.810000
0.000000	5.560000	-9.120000	1.260000
0.000000	5.560000	-9.120000	1.260000
5.900000	10.340000	-8.820000	1.250000
5.900000	10.340000	-8.820000	1.250000
3.175000	9.180000	-6.390000	2.430000
3.175000	9.180000	-6.390000	2.430000
0.100000	5.990000	-7.700000	3.320000
0.100000	5.990000	-7.700000	3.320000
0.025000	4.220000	-5.470000	2.120000
0.025000	4.220000	-5.470000	2.120000
0.000000	6.490000	-9.080000	2.530000
0.000000	6.490000	-9.080000	2.530000
0.000000	10.480000	-8.340000	1.370000
0.000000	10.480000	-8.340000	1.370000
0.000000	13.410000	-6.800000	1.730000
0.000000	13.410000	-6.800000	1.730000
0.250000	13.150000	-7.300000	0.600000
0.250000	13.150000	-7.300000	0.600000
0.150000	13.440000	-5.230000	1.370000
0.150000	13.440000	-5.230000	1.370000
13.000000	3.680000	-3.890000	2.890000
13.000000	3.680000	-3.890000	2.890000
14.625000	3.150000	-6.980000	3.060000
14.625000	3.150000	-6.980000	3.060000
4.650000	1.590000	-7.100000	3.020000
4.650000	1.590000	-7.100000	3.020000
7.800000	2.370000	-8.310000	1.090000
7.800000	2.370000	-8.310000	1.090000
18.150000	4.800000	-7.340000	2.200000
18.150000	4.800000	-7.340000	2.200000
8.700000	4.060000	-6.260000	1.840000
8.700000	4.060000	-6.260000	1.840000
0.850000	5.410000	-5.360000	1.260000
0.850000	5.410000	-5.360000	1.260000
0.000000	6.350000	-7.160000	1.510000
0.000000	6.350000	-7.160000	1.510000
2.925000	12.690000	-4.600000	0.430000
2.925000	12.690000	-4.600000	0.430000
8.000000	8.950000	-3.530000	2.280000
8.000000	8.950000	-3.530000	2.280000
5.350000	4.400000	-4.890000	3.870000
5.350000	4.400000	-4.890000	3.870000
5.075000	1.410000	-6.490000	2.690000
5.075000	1.410000	-6.490000	2.690000
13.500000	1.170000	-5.720000	2.890000
13.500000	1.170000	-5.720000	2.890000
12.975000	0.930000	-6.240000	3.100000
12.975000	0.930000	-6.240000	3.100000
3.850000	1.040000	-6.670000	2.980000
3.850000	1.040000	-6.670000	2.980000
0.000000	2.010000	-10.600000	1.580000
0.000000	2.010000	-10.600000	1.580000
0.000000	7.300000	-8.810000	1.250000
0.000000	7.300000	-8.810000	1.250000
0.000000	12.720000	-5.710000	1.970000
0.000000	12.720000	-5.710000	1.970000
0.000000	17.910000	-2.810000	1.920000
0.000000	17.910000	-2.810000	1.920000
0.000000	17.780001	-1.690000	2.040000
0.000000	17.780001	-1.690000	2.040000
0.000000	19.450001	-3.310000	2.250000
0.000000	19.450001	-3.310000	2.250000
0.000000	19.000000	-2.700000	2.150000
0.000000	19.000000	-2.700000	2.150000
0.000000	20.590000	-2.650000	1.760000
0.000000	20.590000	-2.650000	1.760000
0.000000	21.400000	-0.830000	1.700000
0.000000	21.400000	-0.830000	1.700000
0.000000	20.410000	-2.330000	1.750000
0.000000	20.410000	-2.330000	1.750000
0.000000	18.950001	-0.890000	1.040000
0.000000	18.950001	-0.890000	1.040000
0.000000	18.900000	1.000000	2.740000
0.000000	18.900000	1.000000	2.740000
1.475000	13.140000	-0.670000	3.950000
1.475000	13.140000	-0.670000	3.950000
0.800000	7.230000	-1.460000	2.360000
0.800000	7.230000	-1.460000	2.360000
0.025000	11.140000	-3.990000	3.300000
0.025000	11.140000	-3.990000	3.300000
0.850000	14.260000	-1.920000	1.480000
0.850000	14.260000	-1.920000	1.480000
0.350000	6.400000	-2.750000	2.280000
0.350000	6.400000	-2.750000	2.280000
0.000000	10.480000	0.180000	2.610000
0.000000	10.480000	0.180000	2.610000
0.000000	10.160000	-0.920000	3.390000
0.000000	10.160000	-0.920000	3.390000
0.000000	10.630000	-0.770000	2.040000
0.000000	10.630000	-0.770000	2.040000
0.000000	12.090000	-3.200000	1.900000
0.000000	12.090000	-3.200000	1.900000
0.000000	12.830000	-3.490000	0.680000
0.000000	12.830000	-3.490000	0.680000
0.200000	16.879999	-4.170000	1.760000
0.200000	16.879999	-4.170000	1.760000
3.850000	15.060000	0.930000	1.980000
3.850000	15.060000	0.930000	1.980000
1.900000	9.530000	-0.830000	2.760000
1.900000	9.530000	-0.830000	2.760000
0.025000	9.250000	-6.480000	2.250000
0.025000	9.250000	-6.480000	2.250000
0.000000	12.680000	-2.050000	2.120000
0.000000	12.680000	-2.050000	2.120000
0.475000	8.760000	-1.330000	1.980000
0.475000	8.760000	-1.330000	1.980000
0.275000	8.120000	-1.360000	4.310000
0.275000	8.120000	-1.360000	4.310000
0.025000	7.270000	-1.380000	3.310000
0.025000	7.270000	-1.380000	3.310000
0.000000	11.260000	-5.030000	1.920000
0.000000	11.260000	-5.030000	1.920000
0.000000	18.320000	-2.440000	1.640000
0.000000	18.320000	-2.440000	1.640000
0.000000	19.660000	-1.120000	2.040000
0.000000	19.660000	-1.120000	2.040000
0.000000	22.889999	-0.460000	0.610000
0.000000	22.889999	-0.460000	0.610000
0.000000	18.770000	-0.560000	3.500000
0.000000	18.770000	-0.560000	3.500000
7.125000	14.820000	-3.210000	2.230000
7.125000	14.820000	-3.210000	2.230000
3.675000	16.570000	2.450000	1.460000
3.675000	16.570000	2.450000	1.460000
0.050000	13.740000	1.710000	2.080000
0.050000	13.740000	1.710000	2.080000
0.000000	13.070000	-1.060000	3.390000
0.000000	13.070000	-1.060000	3.390000
0.000000	13.820000	-3.370000	2.310000
0.000000	13.820000	-3.370000	2.310000
0.000000	14.360000	-2.290000	2.900000
0.000000	14.360000	-2.290000	2.900000
0.000000	15.820000	-2.810000	2.580000
0.000000	15.820000	-2.810000	2.580000
4.525000	16.230000	-0.440000	4.430000
4.525000	16.230000	-0.440000	4.430000
4.900000	9.460000	-2.850000	4.150000
4.900000	9.460000	-2.850000	4.150000
1.775000	7.350000	-4.110000	1.700000
1.775000	7.350000	-4.110000	1.700000
0.000000	14.000000	-2.950000	3.040000
0.000000	14.000000	-2.950000	3.040000
0.000000	16.459999	-3.590000	1.730000
0.000000	16.459999	-3.590000	1.730000
0.000000	13.230000	-1.870000	0.960000
0.000000	13.230000	-1.870000	0.960000
0.800000	13.560000	-0.270000	1.610000
0.800000	13.560000	-0.270000	1.610000
0.400000	10.200000	1.040000	2.500000
0.400000	10.200000	1.040000	2.500000
1.250000	9.690000	1.260000	2.790000
1.250000	9.690000	1.260000	2.790000
0.775000	8.200000	2.480000	5.260000
0.775000	8.200000	2.480000	5.260000
1.950000	8.580000	-2.730000	2.850000
1.950000	8.580000	-2.730000	2.850000
0.925000	9.030000	-2.130000	3.320000
0.925000	9.030000	-2.130000	3.320000
6.500000	8.140000	-2.510000	1.580000
6.500000	8.140000	-2.510000	1.580000
3.900000	8.350000	-2.100000	1.860000
3.900000	8.350000	-2.100000	1.860000
0.350000	8.230000	-2.260000	3.180000
0.350000	8.230000	-2.260000	3.180000
0.050000	6.580000	-5.420000	0.850000
0.050000	6.580000	-5.420000	0.850000
0.000000	14.190000	-4.480000	1.640000
0.000000	14.190000	-4.480000	1.640000
0.000000	12.740000	-3.410000	2.080000
