3.675000	-4.200000	-13.080000	4.510000
3.675000	-4.200000	-13.080000	4.510000
0.000000	-4.720000	-23.030001	2.630000
0.000000	-4.720000	-23.030001	2.630000
0.000000	-17.330000	-20.990000	0.640000
0.000000	-17.330000	-20.990000	0.640000
0.000000	-17.350000	-18.639999	1.990000
0.000000	-17.350000	-18.639999	1.990000
0.025000	-13.000000	-17.500000	1.840000
0.025000	-13.000000	-17.500000	1.840000
7.500000	1.720000	-13.070000	3.070000
7.500000	1.720000	-13.070000	3.070000
0.500000	1.380000	-18.440001	5.500000
0.500000	1.380000	-18.440001	5.500000
0.000000	-15.700000	-23.040001	2.200000
0.000000	-15.700000	-23.040001	2.200000
0.000000	-18.459999	-25.920000	0.340000
0.000000	-18.459999	-25.920000	0.340000
0.000000	-16.290001	-24.719999	0.320000
0.000000	-16.290001	-24.719999	0.320000
0.000000	-15.770000	-21.990000	0.660000
0.000000	-15.770000	-21.990000	0.660000
0.000000	-17.330000	-20.850000	1.350000
0.000000	-17.330000	-20.850000	1.350000
0.000000	-15.750000	-20.770000	1.980000
0.000000	-15.750000	-20.770000	1.980000
1.050000	-5.290000	-17.430000	2.790000
1.050000	-5.290000	-17.430000	2.790000
0.050000	-7.340000	-14.670000	2.460000
0.050000	-7.340000	-14.670000	2.460000
1.050000	-5.910000	-15.320000	1.830000
1.050000	-5.910000	-15.320000	1.830000
0.000000	-5.830000	-16.930000	2.570000
0.000000	-5.830000	-16.930000	2.570000
0.000000	-12.350000	-18.629999	1.870000
0.000000	-12.350000	-18.629999	1.870000
0.000000	-12.350000	-20.930000	0.410000
0.000000	-12.350000	-20.930000	0.410000
0.675000	-15.780000	-21.370001	1.840000
0.675000	-15.780000	-21.370001	1.840000
0.150000	-16.860001	-22.410000	3.360000
0.150000	-16.860001	-22.410000	3.360000
0.000000	-16.250000	-23.500000	2.340000
0.000000	-16.250000	-23.500000	2.340000
0.000000	-16.299999	-22.090000	3.230000
0.000000	-16.299999	-22.090000	3.230000
0.000000	-17.370001	-23.530001	2.070000
0.000000	-17.370001	-23.530001	2.070000
0.025000	-17.400000	-21.940001	2.410000
0.025000	-17.400000	-21.940001	2.410000
0.000000	-18.420000	-21.860001	1.840000
0.000000	-18.420000	-21.860001	1.840000
0.000000	-12.950000	-19.650000	1.230000
0.000000	-12.950000	-19.650000	1.230000
0.000000	-10.810000	-18.590000	1.500000
0.000000	-10.810000	-18.590000	1.500000
0.000000	-11.880000	-16.900000	2.700000
0.000000	-11.880000	-16.900000	2.700000
0.000000	-7.400000	-16.990000	1.340000
0.000000	-7.400000	-16.990000	1.340000
0.000000	-10.180000	-19.230000	0.930000
0.000000	-10.180000	-19.230000	0.930000
0.000000	-10.790000	-18.520000	1.780000
0.000000	-10.790000	-18.520000	1.780000
0.675000	-12.380000	-19.090000	2.980000
0.675000	-12.380000	-19.090000	2.980000
1.575000	-11.880000	-20.760000	2.990000
1.575000	-11.880000	-20.760000	2.990000
0.000000	-10.170000	-16.309999	3.860000
0.000000	-10.170000	-16.309999	3.860000
14.425000	-11.880000	-17.490000	2.600000
14.425000	-11.880000	-17.490000	2.600000
3.500000	-10.200000	-17.410000	5.720000
3.500000	-10.200000	-17.410000	5.720000
2.750000	-7.400000	-13.630000	4.990000
2.750000	-7.400000	-13.630000	4.990000
13.475000	-6.310000	-14.640000	5.290000
13.475000	-6.310000	-14.640000	5.290000
32.125000	-6.320000	-10.840000	3.620000
32.125000	-6.320000	-10.840000	3.620000
16.775000	-6.300000	-18.370001	7.800000
16.775000	-6.300000	-18.370001	7.800000
0.000000	-12.340000	-18.620001	2.140000
0.000000	-12.340000	-18.620001	2.140000
0.000000	-15.120000	-23.469999	1.610000
0.000000	-15.120000	-23.469999	1.610000
17.350000	-7.520000	-20.360001	2.040000
17.350000	-7.520000	-20.360001	2.040000
20.674999	-6.370000	-13.150000	5.600000
20.674999	-6.370000	-13.150000	5.600000
35.625000	-5.780000	-10.350000	5.380000
35.625000	-5.780000	-10.350000	5.380000
68.650002	-0.280000	-7.450000	6.940000
68.650002	-0.280000	-7.450000	6.940000
6.025000	-5.180000	-11.840000	7.040000
6.025000	-5.180000	-11.840000	7.040000
4.000000	-8.450000	-17.299999	3.680000
4.000000	-8.450000	-17.299999	3.680000
20.775000	-11.810000	-17.400000	1.280000
20.775000	-11.810000	-17.400000	1.280000
15.250000	-7.390000	-16.889999	2.880000
15.250000	-7.390000	-16.889999	2.880000
25.350000	-10.160000	-13.000000	4.010000
25.350000	-10.160000	-13.000000	4.010000
6.025000	-3.030000	-8.060000	5.100000
6.025000	-3.030000	-8.060000	5.100000
0.100000	-0.240000	-9.100000	2.070000
0.100000	-0.240000	-9.100000	2.070000
0.000000	-0.240000	-8.510000	2.410000
0.000000	-0.240000	-8.510000	2.410000
0.000000	2.490000	-8.580000	1.720000
0.000000	2.490000	-8.580000	1.720000
0.000000	2.510000	-11.390000	2.700000
0.000000	2.510000	-11.390000	2.700000
0.000000	1.900000	-9.730000	2.360000
0.000000	1.900000	-9.730000	2.360000
0.000000	1.420000	-9.730000	2.320000
0.000000	1.420000	-9.730000	2.320000
0.000000	1.910000	-9.720000	1.900000
0.000000	1.910000	-9.720000	1.900000
0.000000	0.350000	-6.440000	2.310000
0.000000	0.350000	-6.440000	2.310000
0.000000	3.030000	-7.470000	1.760000
0.000000	3.030000	-7.470000	1.760000
0.000000	5.300000	-6.450000	0.550000
0.000000	5.300000	-6.450000	0.550000
0.000000	5.790000	-5.850000	0.390000
0.000000	5.790000	-5.850000	0.390000
0.000000	5.790000	-5.360000	0.650000
0.000000	5.790000	-5.360000	0.650000
1.500000	0.420000	-6.940000	2.060000
1.500000	0.420000	-6.940000	2.060000
15.700000	-1.860000	-12.320000	2.940000
15.700000	-1.860000	-12.320000	2.940000
0.000000	-2.970000	-14.070000	2.470000
0.000000	-2.970000	-14.070000	2.470000
0.000000	-1.330000	-13.580000	3.800000
0.000000	-1.330000	-13.580000	3.800000
1.525000	0.360000	-12.390000	2.610000
1.525000	0.360000	-12.390000	2.610000
15.850000	-3.470000	-7.420000	1.200000
15.850000	-3.470000	-7.420000	1.200000
1.450000	-4.570000	-9.080000	0.990000
1.450000	-4.570000	-9.080000	0.990000
2.100000	-5.170000	-10.750000	2.920000
2.100000	-5.170000	-10.750000	2.920000
6.850000	-4.590000	-10.190000	2.360000
6.850000	-4.590000	-10.190000	2.360000
1.700000	-3.480000	-7.410000	0.500000
1.700000	-3.480000	-7.410000	0.500000
4.775000	-2.390000	-6.320000	2.810000
4.775000	-2.390000	-6.320000	2.810000
22.875000	-0.790000	-5.840000	2.760000
22.875000	-0.790000	-5.840000	2.760000
5.300000	-0.230000	-6.320000	3.730000
5.300000	-0.230000	-6.320000	3.730000
2.475000	0.870000	-12.910000	4.230000
2.475000	0.870000	-12.910000	4.230000
0.175000	1.510000	-11.260000	2.540000
0.175000	1.510000	-11.260000	2.540000
0.000000	3.090000	-9.170000	2.160000
0.000000	3.090000	-9.170000	2.160000
0.275000	2.030000	-9.180000	2.380000
0.275000	2.030000	-9.180000	2.380000
0.275000	2.020000	-7.500000	2.770000
0.275000	2.020000	-7.500000	2.770000
0.150000	-3.430000	-8.010000	3.180000
0.150000	-3.430000	-8.010000	3.180000
6.725000	-3.450000	-10.170000	2.730000
6.725000	-3.450000	-10.170000	2.730000
1.725000	-6.230000	-15.110000	4.760000
1.725000	-6.230000	-15.110000	4.760000
0.000000	-5.100000	-13.000000	2.380000
0.000000	-5.100000	-13.000000	2.380000
0.025000	0.380000	-8.520000	0.910000
0.025000	0.380000	-8.520000	0.910000
0.000000	1.520000	-9.570000	2.640000
0.000000	1.520000	-9.570000	2.640000
0.000000	4.180000	-8.100000	1.460000
0.000000	4.180000	-8.100000	1.460000
0.000000	0.400000	-7.470000	0.760000
0.000000	0.400000	-7.470000	0.760000
0.000000	1.530000	-7.990000	3.400000
0.000000	1.530000	-7.990000	3.400000
0.000000	8.630000	-5.310000	1.190000
0.000000	8.630000	-5.310000	1.190000
0.000000	8.680000	-2.540000	1.610000
0.000000	8.680000	-2.540000	1.610000
0.000000	4.230000	-5.260000	3.600000
0.000000	4.230000	-5.260000	3.600000
0.000000	9.150000	-3.620000	1.790000
0.000000	9.150000	-3.620000	1.790000
0.000000	5.940000	-5.300000	1.050000
0.000000	5.940000	-5.300000	1.050000
0.000000	3.130000	-5.810000	2.740000
0.000000	3.130000	-5.810000	2.740000
0.000000	7.010000	-4.210000	1.230000
0.000000	7.010000	-4.210000	1.230000
0.000000	10.410000	-2.550000	1.280000
0.000000	10.410000	-2.550000	1.280000
0.000000	3.770000	-5.800000	2.210000
0.000000	3.770000	-5.800000	2.210000
0.000000	2.050000	-3.560000	3.120000
0.000000	2.050000	-3.560000	3.120000
0.000000	4.250000	-6.250000	1.930000
0.000000	4.250000	-6.250000	1.930000
0.000000	5.940000	-4.230000	2.620000
0.000000	5.940000	-4.230000	2.620000
0.000000	10.400000	-1.460000	1.440000
0.000000	10.400000	-1.460000	1.440000
0.000000	10.490000	-0.920000	1.580000
0.000000	10.490000	-0.920000	1.580000
2.075000	13.120000	-0.950000	0.700000
2.075000	13.120000	-0.950000	0.700000
0.000000	11.550000	-1.940000	1.330000
0.000000	11.550000	-1.940000	1.330000
2.075000	3.200000	-5.680000	2.770000
2.075000	3.200000	-5.680000	2.770000
3.000000	2.120000	-5.210000	2.980000
3.000000	2.120000	-5.210000	2.980000
1.350000	2.040000	-7.370000	2.940000
1.350000	2.040000	-7.370000	2.940000
2.850000	3.720000	-4.200000	1.000000
2.850000	3.720000	-4.200000	1.000000
5.600000	3.740000	-7.400000	2.270000
5.600000	3.740000	-7.400000	2.270000
0.250000	4.850000	-3.570000	1.570000
0.250000	4.850000	-3.570000	1.570000
0.000000	4.260000	-4.620000	1.080000
0.000000	4.260000	-4.620000	1.080000
0.000000	10.420000	-0.940000	1.460000
0.000000	10.420000	-0.940000	1.460000
5.325000	10.440000	-1.930000	0.450000
5.325000	10.440000	-1.930000	0.450000
0.150000	5.970000	-4.060000	2.230000
0.150000	5.970000	-4.060000	2.230000
0.000000	2.070000	-5.180000	3.760000
0.000000	2.070000	-5.180000	3.760000
4.450000	0.960000	-5.210000	2.560000
4.450000	0.960000	-5.210000	2.560000
15.175000	-0.740000	-4.600000	2.990000
15.175000	-0.740000	-4.600000	2.990000
1.575000	2.660000	-6.280000	3.160000
1.575000	2.660000	-6.280000	3.160000
0.025000	0.460000	-8.440000	2.600000
0.025000	0.460000	-8.440000	2.600000
0.000000	3.750000	-11.870000	1.500000
0.000000	3.750000	-11.870000	1.500000
0.000000	9.840000	-1.460000	1.250000
0.000000	9.840000	-1.460000	1.250000
0.000000	14.200000	0.260000	1.810000
0.000000	14.200000	0.260000	1.810000
0.000000	16.520000	1.890000	1.690000
0.000000	16.520000	1.890000	1.690000
0.000000	17.080000	2.490000	1.960000
0.000000	17.080000	2.490000	1.960000
0.000000	17.100000	2.530000	2.290000
0.000000	17.100000	2.530000	2.290000
0.000000	18.770000	2.530000	2.180000
0.000000	18.770000	2.530000	2.180000
0.000000	19.870001	-2.970000	1.720000
0.000000	19.870001	-2.970000	1.720000
0.000000	20.469999	1.950000	1.580000
0.000000	20.469999	1.950000	1.580000
0.000000	19.250000	3.020000	1.560000
0.000000	19.250000	3.020000	1.560000
0.000000	20.379999	4.680000	0.930000
0.000000	20.379999	4.680000	0.930000
0.000000	15.940000	1.580000	2.700000
0.000000	15.940000	1.580000	2.700000
0.325000	8.210000	-1.240000	3.860000
0.325000	8.210000	-1.240000	3.860000
0.000000	6.510000	-1.290000	2.380000
0.000000	6.510000	-1.290000	2.380000
0.000000	15.330000	0.310000	3.050000
0.000000	15.330000	0.310000	3.050000
0.000000	10.910000	-1.920000	1.370000
0.000000	10.910000	-1.920000	1.370000
0.000000	10.930000	-0.270000	2.300000
0.000000	10.930000	-0.270000	2.300000
0.000000	4.940000	1.510000	2.370000
0.000000	4.940000	1.510000	2.370000
0.000000	9.840000	-0.780000	2.990000
0.000000	9.840000	-0.780000	2.990000
0.000000	12.050000	0.380000	1.830000
0.000000	12.050000	0.380000	1.830000
0.000000	11.540000	-1.870000	1.620000
0.000000	11.540000	-1.870000	1.620000
0.000000	17.559999	-2.980000	0.520000
0.000000	17.559999	-2.980000	0.520000
0.000000	17.040001	-3.010000	1.620000
0.000000	17.040001	-3.010000	1.620000
0.000000	15.900000	1.550000	1.970000
0.000000	15.900000	1.550000	1.970000
0.000000	10.420000	-5.050000	2.770000
0.000000	10.420000	-5.050000	2.770000
0.000000	12.630000	-3.560000	2.320000
0.000000	12.630000	-3.560000	2.320000
0.000000	13.100000	0.410000	1.860000
0.000000	13.100000	0.410000	1.860000
0.000000	8.120000	-2.320000	1.970000
0.000000	8.120000	-2.320000	1.970000
0.000000	7.050000	-1.290000	4.040000
0.000000	7.050000	-1.290000	4.040000
0.000000	8.190000	-2.320000	3.040000
0.000000	8.190000	-2.320000	3.040000
0.000000	6.720000	0.280000	1.810000
0.000000	6.720000	0.280000	1.810000
0.000000	17.100000	0.350000	1.530000
0.000000	17.100000	0.350000	1.530000
0.000000	22.590000	3.590000	2.040000
0.000000	22.590000	3.590000	2.040000
0.000000	24.170000	0.380000	0.450000
0.000000	24.170000	0.380000	0.450000
0.000000	17.000000	-0.690000	3.240000
0.000000	17.000000	-0.690000	3.240000
0.000000	12.120000	0.330000	2.030000
0.000000	12.120000	0.330000	2.030000
0.000000	13.160000	3.720000	1.350000
0.000000	13.160000	3.720000	1.350000
0.000000	12.080000	0.960000	1.970000
0.000000	12.080000	0.960000	1.970000
0.000000	11.570000	-0.760000	3.240000
0.000000	11.570000	-0.760000	3.240000
0.000000	10.490000	0.340000	2.220000
0.000000	10.490000	0.340000	2.220000
0.000000	12.690000	0.880000	2.720000
0.000000	12.690000	0.880000	2.720000
0.000000	15.960000	0.860000	2.250000
0.000000	15.960000	0.860000	2.250000
0.100000	8.860000	-2.920000	3.960000
0.100000	8.860000	-2.920000	3.960000
0.100000	9.180000	-3.450000	3.970000
0.100000	9.180000	-3.450000	3.970000
4.100000	9.800000	-3.050000	1.720000
4.100000	9.800000	-3.050000	1.720000
0.000000	15.380000	0.260000	2.970000
0.000000	15.380000	0.260000	2.970000
0.000000	11.550000	-0.300000	1.660000
0.000000	11.550000	-0.300000	1.660000
0.000000	10.480000	1.410000	0.790000
0.000000	10.480000	1.410000	0.790000
0.000000	10.950000	4.070000	1.550000
0.000000	10.950000	4.070000	1.550000
0.000000	12.660000	0.430000	2.360000
0.000000	12.660000	0.430000	2.360000
0.000000	10.480000	4.690000	2.610000
0.000000	10.480000	4.690000	2.610000
0.025000	9.840000	-2.230000	4.840000
0.025000	9.840000	-2.230000	4.840000
0.000000	9.260000	-1.320000	2.670000
0.000000	9.260000	-1.320000	2.670000
0.000000	15.290000	-3.440000	3.080000
0.000000	15.290000	-3.440000	3.080000
0.000000	12.010000	-1.970000	1.430000
0.000000	12.010000	-1.970000	1.430000
2.100000	13.640000	-3.010000	1.910000
2.100000	13.640000	-3.010000	1.910000
0.000000	13.060000	-5.130000	3.070000
0.000000	13.060000	-5.130000	3.070000
0.000000	14.200000	-0.930000	1.010000
0.000000	14.200000	-0.930000	1.010000
0.000000	14.200000	-1.970000	1.520000
0.000000	14.200000	-1.970000	1.520000
0.000000	17.020000	0.890000	1.920000
