4.425000	-8.490000	-17.520000	4.510000
4.425000	-8.490000	-17.520000	4.510000
0.000000	-10.700000	-25.820000	2.650000
0.000000	-10.700000	-25.820000	2.650000
0.000000	-15.480000	-30.240000	0.690000
0.000000	-15.480000	-30.240000	0.690000
0.000000	-16.190001	-25.799999	2.070000
0.000000	-16.190001	-25.799999	2.070000
2.325000	-13.980000	-22.889999	1.930000
2.325000	-13.980000	-22.889999	1.930000
5.450000	-10.510000	-17.270000	3.180000
5.450000	-10.510000	-17.270000	3.180000
2.150000	-3.510000	-16.840000	5.660000
2.150000	-3.510000	-16.840000	5.660000
0.500000	-11.740000	-26.120001	2.140000
0.500000	-11.740000	-26.120001	2.140000
0.000000	-16.790001	-31.850000	0.370000
0.000000	-16.790001	-31.850000	0.370000
0.000000	-16.740000	-30.680000	0.370000
0.000000	-16.740000	-30.680000	0.370000
0.000000	-14.160000	-26.549999	0.660000
0.000000	-14.160000	-26.549999	0.660000
0.000000	-14.920000	-24.280001	1.390000
0.000000	-14.920000	-24.280001	1.390000
0.100000	-14.210000	-20.180000	1.990000
0.100000	-14.210000	-20.180000	1.990000
0.250000	-9.970000	-19.930000	2.820000
0.250000	-9.970000	-19.930000	2.820000
0.125000	-4.550000	-19.290001	2.490000
0.125000	-4.550000	-19.290001	2.490000
0.600000	-10.550000	-21.370001	1.910000
0.600000	-10.550000	-21.370001	1.910000
0.875000	-8.410000	-18.600000	2.640000
0.875000	-8.410000	-18.600000	2.640000
0.000000	-11.390000	-25.070000	1.860000
0.000000	-11.390000	-25.070000	1.860000
0.000000	-10.680000	-27.480000	0.490000
0.000000	-10.680000	-27.480000	0.490000
1.200000	-16.920000	-26.250000	1.880000
1.200000	-16.920000	-26.250000	1.880000
0.775000	-15.570000	-22.910000	3.410000
0.775000	-15.570000	-22.910000	3.410000
0.000000	-13.700000	-24.670000	2.440000
0.000000	-13.700000	-24.670000	2.440000
0.000000	-16.440001	-30.549999	3.530000
0.000000	-16.440001	-30.549999	3.530000
0.175000	-17.090000	-26.400000	2.300000
0.175000	-17.090000	-26.400000	2.300000
1.775000	-17.930000	-25.160000	2.470000
1.775000	-17.930000	-25.160000	2.470000
3.075000	-15.650000	-21.040001	1.950000
3.075000	-15.650000	-21.040001	1.950000
0.000000	-11.890000	-23.160000	1.260000
0.000000	-11.890000	-23.160000	1.260000
0.000000	-11.910000	-24.100000	1.520000
0.000000	-11.910000	-24.100000	1.520000
0.250000	-11.240000	-18.129999	2.800000
0.250000	-11.240000	-18.129999	2.800000
0.000000	-7.730000	-22.139999	1.370000
0.000000	-7.730000	-22.139999	1.370000
0.000000	-10.050000	-25.080000	0.890000
0.000000	-10.050000	-25.080000	0.890000
0.000000	-10.880000	-20.549999	1.870000
0.000000	-10.880000	-20.549999	1.870000
1.800000	-12.600000	-20.620001	2.970000
1.800000	-12.600000	-20.620001	2.970000
3.600000	-11.360000	-19.840000	2.960000
3.600000	-11.360000	-19.840000	2.960000
2.475000	-9.070000	-16.610001	3.670000
2.475000	-9.070000	-16.610001	3.670000
11.350000	-11.230000	-23.340000	2.570000
11.350000	-11.230000	-23.340000	2.570000
8.000000	-10.340000	-18.360001	5.790000
8.000000	-10.340000	-18.360001	5.790000
7.825000	-8.120000	-20.840000	5.050000
7.825000	-8.120000	-20.840000	5.050000
11.400000	-7.950000	-18.379999	5.380000
11.400000	-7.950000	-18.379999	5.380000
22.625000	-7.900000	-15.140000	3.650000
22.625000	-7.900000	-15.140000	3.650000
14.800000	-6.020000	-14.010000	7.920000
14.800000	-6.020000	-14.010000	7.920000
0.300000	-10.130000	-24.270000	2.160000
0.300000	-10.130000	-24.270000	2.160000
0.000000	-12.060000	-23.049999	1.790000
0.000000	-12.060000	-23.049999	1.790000
7.900000	-13.910000	-28.049999	2.100000
7.900000	-13.910000	-28.049999	2.100000
9.525000	-10.780000	-19.129999	5.690000
9.525000	-10.780000	-19.129999	5.690000
108.474998	-5.640000	-18.230000	5.470000
108.474998	-5.640000	-18.230000	5.470000
111.224998	-3.410000	-10.900000	7.030000
111.224998	-3.410000	-10.900000	7.030000
27.875000	-4.790000	-9.320000	7.300000
27.875000	-4.790000	-9.320000	7.300000
8.225000	-6.410000	-14.090000	3.840000
8.225000	-6.410000	-14.090000	3.840000
14.800000	-8.790000	-18.900000	1.220000
14.800000	-8.790000	-18.900000	1.220000
17.325001	-7.200000	-17.680000	2.880000
17.325001	-7.200000	-17.680000	2.880000
30.400000	-8.000000	-13.710000	4.020000
30.400000	-8.000000	-13.710000	4.020000
14.975000	-4.350000	-11.070000	5.090000
14.975000	-4.350000	-11.070000	5.090000
0.750000	-1.790000	-9.850000	2.090000
0.750000	-1.790000	-9.850000	2.090000
0.000000	-1.890000	-10.010000	2.510000
0.000000	-1.890000	-10.010000	2.510000
0.000000	-1.980000	-13.260000	1.770000
0.000000	-1.980000	-13.260000	1.770000
0.000000	-0.770000	-16.240000	2.750000
0.000000	-0.770000	-16.240000	2.750000
0.000000	-1.860000	-16.200001	2.390000
0.000000	-1.860000	-16.200001	2.390000
0.000000	-1.570000	-17.110001	2.440000
0.000000	-1.570000	-17.110001	2.440000
0.000000	-1.000000	-16.629999	2.030000
0.000000	-1.000000	-16.629999	2.030000
0.000000	-1.230000	-13.270000	2.480000
0.000000	-1.230000	-13.270000	2.480000
0.000000	0.400000	-10.690000	1.800000
0.000000	0.400000	-10.690000	1.800000
0.000000	1.410000	-13.630000	0.500000
0.000000	1.410000	-13.630000	0.500000
0.000000	1.840000	-7.500000	0.360000
0.000000	1.840000	-7.500000	0.360000
0.000000	1.780000	-12.400000	0.660000
0.000000	1.780000	-12.400000	0.660000
0.450000	1.730000	-8.830000	2.200000
0.450000	1.730000	-8.830000	2.200000
8.475000	-0.080000	-9.290000	2.920000
8.475000	-0.080000	-9.290000	2.920000
0.000000	-1.390000	-13.390000	2.530000
0.000000	-1.390000	-13.390000	2.530000
0.000000	-2.320000	-18.280001	3.910000
0.000000	-2.320000	-18.280001	3.910000
2.675000	-1.150000	-13.180000	2.740000
2.675000	-1.150000	-13.180000	2.740000
10.050000	-1.480000	-8.930000	1.040000
10.050000	-1.480000	-8.930000	1.040000
4.425000	-3.590000	-8.330000	0.970000
4.425000	-3.590000	-8.330000	0.970000
2.300000	-3.590000	-8.810000	3.130000
2.300000	-3.590000	-8.810000	3.130000
7.975000	-4.110000	-10.050000	2.400000
7.975000	-4.110000	-10.050000	2.400000
9.475000	-3.090000	-8.010000	0.450000
9.475000	-3.090000	-8.010000	0.450000
4.175000	-2.240000	-7.160000	2.860000
4.175000	-2.240000	-7.160000	2.860000
15.150000	-0.490000	-7.460000	2.800000
15.150000	-0.490000	-7.460000	2.800000
10.400000	-1.200000	-7.110000	3.660000
10.400000	-1.200000	-7.110000	3.660000
2.575000	0.700000	-9.740000	4.300000
2.575000	0.700000	-9.740000	4.300000
1.150000	2.600000	-9.780000	2.600000
1.150000	2.600000	-9.780000	2.600000
0.000000	3.380000	-12.960000	2.190000
0.000000	3.380000	-12.960000	2.190000
0.050000	3.940000	-13.340000	2.370000
0.050000	3.940000	-13.340000	2.370000
0.050000	3.760000	-12.260000	2.850000
0.050000	3.760000	-12.260000	2.850000
3.475000	-0.600000	-8.350000	3.180000
3.475000	-0.600000	-8.350000	3.180000
6.900000	-1.710000	-9.340000	2.770000
6.900000	-1.710000	-9.340000	2.770000
1.500000	-2.860000	-11.680000	4.950000
1.500000	-2.860000	-11.680000	4.950000
0.000000	-0.140000	-13.730000	2.470000
0.000000	-0.140000	-13.730000	2.470000
0.000000	-0.090000	-9.340000	0.950000
0.000000	-0.090000	-9.340000	0.950000
0.950000	2.990000	-8.540000	2.550000
0.950000	2.990000	-8.540000	2.550000
0.000000	3.970000	-12.560000	1.430000
0.000000	3.970000	-12.560000	1.430000
0.000000	1.540000	-10.500000	0.700000
0.000000	1.540000	-10.500000	0.700000
0.000000	3.440000	-8.220000	3.420000
0.000000	3.440000	-8.220000	3.420000
0.000000	6.510000	-10.050000	1.280000
0.000000	6.510000	-10.050000	1.280000
0.000000	8.460000	-8.130000	1.640000
0.000000	8.460000	-8.130000	1.640000
0.000000	6.480000	-7.460000	3.700000
0.000000	6.480000	-7.460000	3.700000
0.000000	7.910000	-8.780000	1.880000
0.000000	7.910000	-8.780000	1.880000
0.000000	8.770000	-9.700000	1.000000
0.000000	8.770000	-9.700000	1.000000
0.000000	5.410000	-6.460000	2.820000
0.000000	5.410000	-6.460000	2.820000
0.000000	8.150000	-9.290000	1.270000
0.000000	8.150000	-9.290000	1.270000
0.000000	11.860000	-9.040000	1.380000
0.000000	11.860000	-9.040000	1.380000
0.000000	7.630000	-6.050000	2.210000
0.000000	7.630000	-6.050000	2.210000
0.000000	5.420000	-6.700000	3.210000
0.000000	5.420000	-6.700000	3.210000
0.000000	7.050000	-4.960000	2.110000
0.000000	7.050000	-4.960000	2.110000
0.000000	8.140000	-10.180000	2.460000
0.000000	8.140000	-10.180000	2.460000
0.000000	11.430000	-8.410000	1.450000
0.000000	11.430000	-8.410000	1.450000
0.000000	15.190000	-5.660000	1.730000
0.000000	15.190000	-5.660000	1.730000
0.375000	15.000000	-7.430000	0.620000
0.375000	15.000000	-7.430000	0.620000
0.050000	14.690000	-3.800000	1.210000
0.050000	14.690000	-3.800000	1.210000
1.325000	8.530000	-1.220000	2.770000
1.325000	8.530000	-1.220000	2.770000
4.225000	7.400000	-6.700000	2.990000
4.225000	7.400000	-6.700000	2.990000
2.725000	4.700000	-6.390000	2.960000
2.725000	4.700000	-6.390000	2.960000
2.550000	5.190000	-9.000000	0.990000
2.550000	5.190000	-9.000000	0.990000
4.050000	6.330000	-7.850000	2.170000
4.050000	6.330000	-7.850000	2.170000
0.925000	7.890000	-7.000000	1.690000
0.925000	7.890000	-7.000000	1.690000
0.000000	7.530000	-6.210000	1.180000
0.000000	7.530000	-6.210000	1.180000
0.000000	11.960000	-7.250000	1.510000
0.000000	11.960000	-7.250000	1.510000
1.000000	12.960000	-3.790000	0.410000
1.000000	12.960000	-3.790000	0.410000
0.000000	9.870000	-1.490000	2.190000
0.000000	9.870000	-1.490000	2.190000
0.200000	5.850000	-4.910000	3.840000
0.200000	5.850000	-4.910000	3.840000
8.225000	4.200000	-6.180000	2.700000
8.225000	4.200000	-6.180000	2.700000
9.225000	2.040000	-5.150000	2.980000
9.225000	2.040000	-5.150000	2.980000
0.425000	6.250000	-6.200000	3.120000
0.425000	6.250000	-6.200000	3.120000
0.000000	4.090000	-6.170000	2.710000
0.000000	4.090000	-6.170000	2.710000
0.000000	6.770000	-11.000000	1.470000
0.000000	6.770000	-11.000000	1.470000
0.000000	12.000000	-8.420000	1.240000
0.000000	12.000000	-8.420000	1.240000
0.000000	15.110000	-5.580000	1.800000
0.000000	15.110000	-5.580000	1.800000
0.000000	17.700001	-2.910000	1.670000
0.000000	17.700001	-2.910000	1.670000
0.000000	20.799999	-2.200000	1.970000
0.000000	20.799999	-2.200000	1.970000
0.000000	22.150000	-0.720000	2.170000
0.000000	22.150000	-0.720000	2.170000
0.000000	22.290001	-0.840000	2.100000
0.000000	22.290001	-0.840000	2.100000
0.000000	23.600000	-2.200000	1.660000
0.000000	23.600000	-2.200000	1.660000
0.000000	23.940001	-0.420000	1.560000
0.000000	23.940001	-0.420000	1.560000
0.000000	22.379999	-0.500000	1.540000
0.000000	22.379999	-0.500000	1.540000
0.000000	20.750000	-0.670000	1.010000
0.000000	20.750000	-0.670000	1.010000
0.000000	18.309999	4.150000	2.610000
0.000000	18.309999	4.150000	2.610000
0.050000	13.760000	0.400000	3.890000
0.050000	13.760000	0.400000	3.890000
1.150000	7.980000	-0.490000	2.350000
1.150000	7.980000	-0.490000	2.350000
0.000000	13.880000	-3.450000	3.180000
0.000000	13.880000	-3.450000	3.180000
0.175000	12.090000	-3.250000	1.310000
0.175000	12.090000	-3.250000	1.310000
2.550000	12.750000	-3.390000	2.300000
2.550000	12.750000	-3.390000	2.300000
0.000000	11.680000	1.890000	2.510000
0.000000	11.680000	1.890000	2.510000
0.000000	12.140000	-1.190000	3.150000
0.000000	12.140000	-1.190000	3.150000
0.000000	15.350000	-0.690000	1.960000
0.000000	15.350000	-0.690000	1.960000
0.000000	14.200000	-1.410000	1.700000
0.000000	14.200000	-1.410000	1.700000
0.000000	16.879999	-2.710000	0.460000
0.000000	16.879999	-2.710000	0.460000
0.000000	19.620001	-3.770000	1.520000
0.000000	19.620001	-3.770000	1.520000
0.000000	16.520000	4.520000	1.930000
0.000000	16.520000	4.520000	1.930000
0.000000	12.360000	1.130000	2.730000
0.000000	12.360000	1.130000	2.730000
0.000000	14.380000	-6.380000	2.320000
0.000000	14.380000	-6.380000	2.320000
0.175000	14.130000	0.610000	1.950000
0.175000	14.130000	0.610000	1.950000
4.100000	9.660000	1.010000	1.940000
4.100000	9.660000	1.010000	1.940000
0.000000	9.950000	-1.740000	4.150000
0.000000	9.950000	-1.740000	4.150000
0.000000	12.850000	0.750000	3.110000
0.000000	12.850000	0.750000	3.110000
0.000000	16.639999	-4.680000	1.730000
0.000000	16.639999	-4.680000	1.730000
0.000000	21.840000	-1.540000	1.460000
0.000000	21.840000	-1.540000	1.460000
0.000000	23.010000	-1.240000	2.020000
0.000000	23.010000	-1.240000	2.020000
0.000000	23.959999	0.250000	0.510000
0.000000	23.959999	0.250000	0.510000
0.000000	18.490000	4.690000	3.180000
0.000000	18.490000	4.690000	3.180000
0.000000	18.270000	-1.630000	2.060000
0.000000	18.270000	-1.630000	2.060000
0.000000	17.139999	5.130000	1.390000
0.000000	17.139999	5.130000	1.390000
0.000000	16.900000	3.070000	1.950000
0.000000	16.900000	3.070000	1.950000
0.000000	15.530000	0.200000	3.280000
0.000000	15.530000	0.200000	3.280000
0.000000	15.670000	-1.840000	2.200000
0.000000	15.670000	-1.840000	2.200000
0.000000	17.290001	-0.100000	2.810000
0.000000	17.290001	-0.100000	2.810000
0.000000	19.440001	-0.370000	2.390000
0.000000	19.440001	-0.370000	2.390000
1.275000	16.030001	-0.620000	4.050000
1.275000	16.030001	-0.620000	4.050000
2.550000	9.090000	-1.480000	3.980000
2.550000	9.090000	-1.480000	3.980000
1.775000	10.280000	-5.140000	1.780000
1.775000	10.280000	-5.140000	1.780000
0.000000	15.390000	-5.890000	2.980000
0.000000	15.390000	-5.890000	2.980000
0.000000	15.110000	-4.990000	1.680000
0.000000	15.110000	-4.990000	1.680000
0.050000	14.560000	-2.400000	0.880000
0.050000	14.560000	-2.400000	0.880000
0.000000	13.850000	-1.830000	1.560000
0.000000	13.850000	-1.830000	1.560000
0.000000	16.129999	0.840000	2.390000
0.000000	16.129999	0.840000	2.390000
0.000000	15.200000	-0.170000	2.630000
0.000000	15.200000	-0.170000	2.630000
0.000000	12.980000	4.670000	4.890000
0.000000	12.980000	4.670000	4.890000
0.000000	12.410000	-3.060000	2.720000
0.000000	12.410000	-3.060000	2.720000
0.000000	11.390000	-0.980000	3.090000
0.000000	11.390000	-0.980000	3.090000
0.000000	12.570000	-5.660000	1.550000
0.000000	12.570000	-5.660000	1.550000
0.500000	11.710000	-4.150000	1.860000
0.500000	11.710000	-4.150000	1.860000
0.000000	11.430000	-2.910000	3.110000
0.000000	11.430000	-2.910000	3.110000
0.000000	14.800000	-6.610000	1.060000
0.000000	14.800000	-6.610000	1.060000
0.000000	15.040000	-5.290000	1.440000
0.000000	15.040000	-5.290000	1.440000
0.000000	18.270000	0.310000	1.890000
