10.350000	-5.500000	-14.250000	4.530000
10.350000	-5.500000	-14.250000	4.530000
0.000000	-6.330000	-23.510000	2.610000
0.000000	-6.330000	-23.510000	2.610000
0.000000	-16.330000	-23.330000	0.650000
0.000000	-16.330000	-23.330000	0.650000
0.000000	-16.510000	-20.350000	1.980000
0.000000	-16.510000	-20.350000	1.980000
0.900000	-12.960000	-18.920000	1.800000
0.900000	-12.960000	-18.920000	1.800000
8.100000	-1.870000	-13.700000	3.050000
8.100000	-1.870000	-13.700000	3.050000
10.875000	-0.190000	-17.350000	5.490000
10.875000	-0.190000	-17.350000	5.490000
0.000000	-14.270000	-23.510000	2.200000
0.000000	-14.270000	-23.510000	2.200000
0.000000	-17.889999	-27.200001	0.320000
0.000000	-17.889999	-27.200001	0.320000
0.000000	-16.090000	-26.049999	0.320000
0.000000	-16.090000	-26.049999	0.320000
0.000000	-14.990000	-23.049999	0.690000
0.000000	-14.990000	-23.049999	0.690000
0.000000	-15.910000	-21.350000	1.360000
0.000000	-15.910000	-21.350000	1.360000
0.025000	-14.680000	-20.290001	1.990000
0.025000	-14.680000	-20.290001	1.990000
0.850000	-6.590000	-17.320000	2.810000
0.850000	-6.590000	-17.320000	2.810000
1.425000	-6.550000	-15.620000	2.410000
1.425000	-6.550000	-15.620000	2.410000
0.975000	-7.420000	-16.930000	1.810000
0.975000	-7.420000	-16.930000	1.810000
0.025000	-6.200000	-16.990000	2.550000
0.025000	-6.200000	-16.990000	2.550000
0.000000	-11.480000	-20.450001	1.880000
0.000000	-11.480000	-20.450001	1.880000
0.000000	-11.430000	-22.139999	0.420000
0.000000	-11.430000	-22.139999	0.420000
1.225000	-15.660000	-22.160000	1.850000
1.225000	-15.660000	-22.160000	1.850000
4.075000	-16.219999	-21.980000	3.320000
4.075000	-16.219999	-21.980000	3.320000
0.000000	-15.500000	-23.490000	2.320000
0.000000	-15.500000	-23.490000	2.320000
0.000000	-16.230000	-24.520000	3.150000
0.000000	-16.230000	-24.520000	3.150000
0.025000	-16.990000	-23.809999	2.040000
0.025000	-16.990000	-23.809999	2.040000
0.650000	-16.920000	-22.420000	2.390000
0.650000	-16.920000	-22.420000	2.390000
0.425000	-17.010000	-20.940001	1.780000
0.425000	-17.010000	-20.940001	1.780000
0.125000	-12.190000	-19.719999	1.210000
0.125000	-12.190000	-19.719999	1.210000
0.000000	-10.940000	-19.940001	1.530000
0.000000	-10.940000	-19.940001	1.530000
0.000000	-11.620000	-16.950001	2.640000
0.000000	-11.620000	-16.950001	2.640000
0.000000	-7.320000	-18.280001	1.310000
0.000000	-7.320000	-18.280001	1.310000
0.000000	-9.760000	-20.090000	0.940000
0.000000	-9.760000	-20.090000	0.940000
0.000000	-10.470000	-18.580000	1.770000
0.000000	-10.470000	-18.580000	1.770000
0.950000	-11.920000	-18.860001	3.000000
0.950000	-11.920000	-18.860001	3.000000
6.050000	-11.370000	-19.809999	3.010000
6.050000	-11.370000	-19.809999	3.010000
0.225000	-9.710000	-16.080000	3.900000
0.225000	-9.710000	-16.080000	3.900000
14.275000	-11.520000	-18.379999	2.580000
14.275000	-11.520000	-18.379999	2.580000
19.375000	-10.150000	-17.020000	5.680000
19.375000	-10.150000	-17.020000	5.680000
9.500000	-7.420000	-14.970000	4.990000
9.500000	-7.420000	-14.970000	4.990000
24.625000	-6.480000	-14.980000	5.260000
24.625000	-6.480000	-14.980000	5.260000
37.400002	-6.630000	-11.320000	3.590000
37.400002	-6.630000	-11.320000	3.590000
36.000000	-6.330000	-16.510000	7.750000
36.000000	-6.330000	-16.510000	7.750000
0.075000	-11.400000	-19.549999	2.140000
0.075000	-11.400000	-19.549999	2.140000
0.000000	-14.060000	-22.700001	1.570000
0.000000	-14.060000	-22.700001	1.570000
16.549999	-9.050000	-22.309999	2.040000
16.549999	-9.050000	-22.309999	2.040000
24.625000	-7.400000	-14.440000	5.600000
24.625000	-7.400000	-14.440000	5.600000
62.625000	-5.620000	-12.220000	5.330000
62.625000	-5.620000	-12.220000	5.330000
119.175003	-1.330000	-8.130000	6.940000
119.175003	-1.330000	-8.130000	6.940000
29.049999	-4.970000	-10.930000	6.970000
29.049999	-4.970000	-10.930000	6.970000
7.950000	-7.800000	-15.830000	3.610000
7.950000	-7.800000	-15.830000	3.610000
25.799999	-10.540000	-17.340000	1.300000
25.799999	-10.540000	-17.340000	1.300000
17.875000	-7.260000	-16.770000	2.900000
17.875000	-7.260000	-16.770000	2.900000
50.724998	-9.410000	-13.110000	4.000000
50.724998	-9.410000	-13.110000	4.000000
28.850000	-3.400000	-8.850000	5.100000
28.850000	-3.400000	-8.850000	5.100000
2.475000	-0.710000	-9.050000	2.080000
2.475000	-0.710000	-9.050000	2.080000
0.000000	-0.680000	-8.710000	2.380000
0.000000	-0.680000	-8.710000	2.380000
0.000000	1.360000	-9.570000	1.710000
0.000000	1.360000	-9.570000	1.710000
0.000000	1.580000	-12.260000	2.690000
0.000000	1.580000	-12.260000	2.690000
0.000000	0.900000	-11.160000	2.360000
0.000000	0.900000	-11.160000	2.360000
0.000000	0.880000	-11.720000	2.300000
0.000000	0.880000	-11.720000	2.300000
0.000000	1.040000	-11.520000	1.870000
0.000000	1.040000	-11.520000	1.870000
0.000000	-0.100000	-8.250000	2.250000
0.000000	-0.100000	-8.250000	2.250000
0.000000	2.450000	-8.390000	1.740000
0.000000	2.450000	-8.390000	1.740000
0.000000	4.270000	-8.510000	0.550000
0.000000	4.270000	-8.510000	0.550000
0.000000	4.530000	-6.620000	0.410000
0.000000	4.530000	-6.620000	0.410000
0.000000	4.570000	-7.530000	0.650000
0.000000	4.570000	-7.530000	0.650000
1.350000	0.840000	-7.390000	2.040000
1.350000	0.840000	-7.390000	2.040000
16.225000	-1.070000	-11.300000	2.970000
16.225000	-1.070000	-11.300000	2.970000
0.000000	-2.320000	-13.720000	2.470000
0.000000	-2.320000	-13.720000	2.470000
0.000000	-1.630000	-14.660000	3.800000
0.000000	-1.630000	-14.660000	3.800000
2.225000	0.050000	-12.240000	2.600000
2.225000	0.050000	-12.240000	2.600000
18.725000	-2.960000	-7.720000	1.230000
18.725000	-2.960000	-7.720000	1.230000
6.650000	-4.150000	-8.730000	0.970000
6.650000	-4.150000	-8.730000	0.970000
4.525000	-4.510000	-10.030000	2.910000
4.525000	-4.510000	-10.030000	2.910000
11.625000	-4.480000	-10.070000	2.370000
11.625000	-4.480000	-10.070000	2.370000
12.075000	-2.950000	-7.560000	0.530000
12.075000	-2.950000	-7.560000	0.530000
8.575000	-1.790000	-6.550000	2.780000
8.575000	-1.790000	-6.550000	2.780000
27.325001	-0.420000	-6.330000	2.730000
27.325001	-0.420000	-6.330000	2.730000
20.225000	-0.490000	-6.500000	3.780000
20.225000	-0.490000	-6.500000	3.780000
6.650000	0.670000	-11.530000	4.230000
6.650000	0.670000	-11.530000	4.230000
4.650000	1.740000	-10.520000	2.540000
4.650000	1.740000	-10.520000	2.540000
0.000000	3.260000	-10.120000	2.170000
0.000000	3.260000	-10.120000	2.170000
0.225000	2.610000	-10.270000	2.350000
0.225000	2.610000	-10.270000	2.350000
0.225000	2.500000	-8.730000	2.750000
0.225000	2.500000	-8.730000	2.750000
3.400000	-2.400000	-7.930000	3.190000
3.400000	-2.400000	-7.930000	3.190000
16.049999	-2.610000	-9.690000	2.740000
16.049999	-2.610000	-9.690000	2.740000
6.225000	-5.160000	-13.750000	4.730000
6.225000	-5.160000	-13.750000	4.730000
0.000000	-3.490000	-12.920000	2.360000
0.000000	-3.490000	-12.920000	2.360000
1.600000	0.200000	-8.690000	0.920000
1.600000	0.200000	-8.690000	0.920000
0.000000	1.820000	-9.140000	2.690000
0.000000	1.820000	-9.140000	2.690000
0.000000	4.110000	-9.250000	1.450000
0.000000	4.110000	-9.250000	1.450000
0.000000	0.790000	-8.290000	0.780000
0.000000	0.790000	-8.290000	0.780000
0.000000	2.210000	-7.870000	3.410000
0.000000	2.210000	-7.870000	3.410000
0.000000	7.840000	-6.780000	1.180000
0.000000	7.840000	-6.780000	1.180000
0.000000	8.720000	-4.360000	1.580000
0.000000	8.720000	-4.360000	1.580000
1.150000	5.040000	-5.660000	3.580000
1.150000	5.040000	-5.660000	3.580000
0.000000	8.650000	-5.290000	1.770000
0.000000	8.650000	-5.290000	1.770000
0.000000	6.730000	-6.710000	1.090000
0.000000	6.730000	-6.710000	1.090000
0.000000	3.790000	-5.950000	2.710000
0.000000	3.790000	-5.950000	2.710000
0.000000	7.620000	-5.750000	1.220000
0.000000	7.620000	-5.750000	1.220000
0.000000	10.750000	-4.600000	1.230000
0.000000	10.750000	-4.600000	1.230000
0.000000	4.620000	-5.850000	2.250000
0.000000	4.620000	-5.850000	2.250000
0.000000	2.870000	-4.580000	3.110000
0.000000	2.870000	-4.580000	3.110000
0.000000	5.030000	-5.670000	1.870000
0.000000	5.030000	-5.670000	1.870000
0.000000	6.850000	-6.030000	2.670000
0.000000	6.850000	-6.030000	2.670000
0.000000	10.700000	-3.680000	1.420000
0.000000	10.700000	-3.680000	1.420000
0.000000	11.890000	-2.540000	1.540000
0.000000	11.890000	-2.540000	1.540000
1.950000	13.680000	-2.960000	0.720000
1.950000	13.680000	-2.960000	0.720000
0.000000	11.860000	-2.510000	1.380000
0.000000	11.860000	-2.510000	1.380000
2.050000	4.510000	-4.060000	2.780000
2.050000	4.510000	-4.060000	2.780000
8.725000	3.520000	-5.320000	2.990000
8.725000	3.520000	-5.320000	2.990000
8.300000	2.660000	-6.830000	2.940000
8.300000	2.660000	-6.830000	2.940000
5.425000	4.050000	-5.520000	1.020000
5.425000	4.050000	-5.520000	1.020000
12.675000	4.360000	-7.210000	2.300000
12.675000	4.360000	-7.210000	2.300000
6.500000	5.790000	-4.600000	1.550000
6.500000	5.790000	-4.600000	1.550000
0.000000	5.050000	-4.800000	1.060000
0.000000	5.050000	-4.800000	1.060000
0.000000	10.960000	-2.920000	1.450000
0.000000	10.960000	-2.920000	1.450000
5.875000	11.020000	-2.400000	0.470000
5.875000	11.020000	-2.400000	0.470000
4.450000	7.030000	-3.200000	2.250000
4.450000	7.030000	-3.200000	2.250000
0.600000	3.020000	-4.700000	3.740000
0.600000	3.020000	-4.700000	3.740000
8.375000	1.920000	-5.300000	2.520000
8.375000	1.920000	-5.300000	2.520000
33.525002	0.060000	-4.590000	2.970000
33.525002	0.060000	-4.590000	2.970000
5.625000	3.660000	-6.120000	3.180000
5.625000	3.660000	-6.120000	3.180000
2.150000	1.420000	-7.670000	2.610000
2.150000	1.420000	-7.670000	2.610000
0.000000	4.530000	-11.430000	1.530000
0.000000	4.530000	-11.430000	1.530000
0.000000	10.580000	-3.650000	1.250000
0.000000	10.580000	-3.650000	1.250000
0.000000	14.550000	-1.640000	1.840000
0.000000	14.550000	-1.640000	1.840000
0.000000	16.959999	0.450000	1.730000
0.000000	16.959999	0.450000	1.730000
0.000000	18.230000	1.050000	1.970000
0.000000	18.230000	1.050000	1.970000
0.000000	18.330000	1.300000	2.330000
0.000000	18.330000	1.300000	2.330000
0.000000	19.600000	1.310000	2.210000
0.000000	19.600000	1.310000	2.210000
0.000000	20.820000	-2.530000	1.750000
0.000000	20.820000	-2.530000	1.750000
0.000000	21.299999	1.400000	1.610000
0.000000	21.299999	1.400000	1.610000
0.000000	19.990000	1.980000	1.590000
0.000000	19.990000	1.980000	1.590000
0.000000	20.440001	3.110000	0.920000
0.000000	20.440001	3.110000	0.920000
0.000000	16.660000	2.780000	2.740000
0.000000	16.660000	2.780000	2.740000
0.275000	9.660000	-0.550000	3.860000
0.275000	9.660000	-0.550000	3.860000
0.000000	7.050000	-1.320000	2.390000
0.000000	7.050000	-1.320000	2.390000
0.000000	14.940000	-0.880000	3.030000
0.000000	14.940000	-0.880000	3.030000
0.050000	11.220000	-1.930000	1.410000
0.050000	11.220000	-1.930000	1.410000
0.000000	11.390000	-1.220000	2.290000
0.000000	11.390000	-1.220000	2.290000
0.000000	7.120000	1.700000	2.350000
0.000000	7.120000	1.700000	2.350000
0.000000	10.550000	-0.580000	2.980000
0.000000	10.550000	-0.580000	2.980000
0.000000	12.880000	0.280000	1.800000
0.000000	12.880000	0.280000	1.800000
0.000000	12.270000	-1.420000	1.630000
0.000000	12.270000	-1.420000	1.630000
0.000000	17.240000	-2.610000	0.570000
0.000000	17.240000	-2.610000	0.570000
0.000000	17.660000	-3.190000	1.680000
0.000000	17.660000	-3.190000	1.680000
0.000000	15.820000	2.300000	1.990000
0.000000	15.820000	2.300000	1.990000
0.000000	10.840000	-2.940000	2.790000
0.000000	10.840000	-2.940000	2.790000
0.000000	13.180000	-4.370000	2.310000
0.000000	13.180000	-4.370000	2.310000
0.000000	13.260000	0.650000	1.860000
0.000000	13.260000	0.650000	1.860000
0.000000	8.560000	-1.150000	1.990000
0.000000	8.560000	-1.150000	1.990000
0.000000	7.770000	-1.270000	4.030000
0.000000	7.770000	-1.270000	4.030000
0.000000	9.430000	-1.290000	3.040000
0.000000	9.430000	-1.290000	3.040000
0.000000	9.810000	-1.370000	1.860000
0.000000	9.810000	-1.370000	1.860000
0.000000	18.610001	-0.120000	1.570000
0.000000	18.610001	-0.120000	1.570000
0.000000	22.770000	2.180000	2.050000
0.000000	22.770000	2.180000	2.050000
0.000000	23.520000	0.180000	0.470000
0.000000	23.520000	0.180000	0.470000
0.000000	16.940001	0.520000	3.300000
0.000000	16.940001	0.520000	3.300000
0.000000	13.810000	-0.540000	2.050000
0.000000	13.810000	-0.540000	2.050000
0.000000	14.240000	3.920000	1.350000
0.000000	14.240000	3.920000	1.350000
0.000000	13.450000	1.600000	1.990000
0.000000	13.450000	1.600000	1.990000
0.000000	12.780000	-0.560000	3.240000
0.000000	12.780000	-0.560000	3.240000
0.000000	11.910000	-0.650000	2.240000
0.000000	11.910000	-0.650000	2.240000
0.000000	14.050000	0.480000	2.700000
0.000000	14.050000	0.480000	2.700000
0.000000	16.959999	0.290000	2.240000
0.000000	16.959999	0.290000	2.240000
3.425000	11.110000	-2.080000	3.990000
3.425000	11.110000	-2.080000	3.990000
2.725000	9.020000	-2.760000	3.990000
2.725000	9.020000	-2.760000	3.990000
7.550000	10.100000	-3.700000	1.690000
7.550000	10.100000	-3.700000	1.690000
0.000000	15.480000	-1.560000	2.970000
0.000000	15.480000	-1.560000	2.970000
0.000000	12.820000	-1.670000	1.660000
0.000000	12.820000	-1.670000	1.660000
0.000000	11.730000	0.350000	0.790000
0.000000	11.730000	0.350000	0.790000
0.000000	11.780000	2.290000	1.550000
0.000000	11.780000	2.290000	1.550000
0.000000	13.450000	1.080000	2.370000
0.000000	13.450000	1.080000	2.370000
0.000000	11.580000	3.440000	2.630000
0.000000	11.580000	3.440000	2.630000
0.975000	10.500000	0.050000	4.880000
0.975000	10.500000	0.050000	4.880000
0.000000	10.020000	-1.650000	2.670000
0.000000	10.020000	-1.650000	2.670000
0.000000	13.690000	-2.500000	3.100000
0.000000	13.690000	-2.500000	3.100000
0.050000	11.990000	-2.780000	1.400000
0.050000	11.990000	-2.780000	1.400000
3.550000	12.850000	-2.980000	1.930000
3.550000	12.850000	-2.980000	1.930000
0.000000	12.270000	-4.050000	3.070000
0.000000	12.270000	-4.050000	3.070000
0.000000	14.300000	-2.550000	0.970000
0.000000	14.300000	-2.550000	0.970000
0.000000	14.410000	-2.810000	1.570000
0.000000	14.410000	-2.810000	1.570000
0.000000	17.209999	0.500000	1.960000
