6.375000	-6.730000	-12.350000	4.620000
6.375000	-6.730000	-12.350000	4.620000
0.625000	-8.360000	-19.320000	2.560000
0.625000	-8.360000	-19.320000	2.560000
0.000000	-13.130000	-23.520000	0.740000
0.000000	-13.130000	-23.520000	0.740000
2.500000	-14.130000	-19.719999	2.050000
2.500000	-14.130000	-19.719999	2.050000
9.800000	-10.970000	-17.350000	1.810000
9.800000	-10.970000	-17.350000	1.810000
13.775000	-5.620000	-12.900000	3.170000
13.775000	-5.620000	-12.900000	3.170000
3.975000	-2.350000	-14.080000	5.820000
3.975000	-2.350000	-14.080000	5.820000
0.025000	-9.930000	-20.020000	2.130000
0.025000	-9.930000	-20.020000	2.130000
0.000000	-14.940000	-25.270000	0.310000
0.000000	-14.940000	-25.270000	0.310000
0.000000	-13.850000	-23.959999	0.410000
0.000000	-13.850000	-23.959999	0.410000
0.000000	-12.540000	-21.370001	0.790000
0.000000	-12.540000	-21.370001	0.790000
0.000000	-11.210000	-18.209999	1.450000
0.000000	-11.210000	-18.209999	1.450000
0.375000	-10.250000	-16.420000	2.050000
0.375000	-10.250000	-16.420000	2.050000
1.325000	-7.070000	-14.540000	2.950000
1.325000	-7.070000	-14.540000	2.950000
0.400000	-4.420000	-12.890000	2.310000
0.400000	-4.420000	-12.890000	2.310000
0.925000	-7.480000	-16.389999	1.850000
0.925000	-7.480000	-16.389999	1.850000
0.725000	-5.480000	-14.490000	2.580000
0.725000	-5.480000	-14.490000	2.580000
0.550000	-8.400000	-18.330000	1.930000
0.550000	-8.400000	-18.330000	1.930000
0.150000	-8.240000	-21.070000	0.550000
0.150000	-8.240000	-21.070000	0.550000
1.100000	-12.180000	-19.790001	1.990000
1.100000	-12.180000	-19.790001	1.990000
0.500000	-13.300000	-19.379999	3.290000
0.500000	-13.300000	-19.379999	3.290000
0.000000	-12.840000	-19.700001	2.400000
0.000000	-12.840000	-19.700001	2.400000
0.000000	-13.760000	-23.959999	3.420000
0.000000	-13.760000	-23.959999	3.420000
0.150000	-13.510000	-20.309999	2.330000
0.150000	-13.510000	-20.309999	2.330000
1.600000	-14.950000	-20.030001	2.440000
1.600000	-14.950000	-20.030001	2.440000
1.250000	-12.730000	-17.889999	1.770000
1.250000	-12.730000	-17.889999	1.770000
0.200000	-9.590000	-16.420000	1.140000
0.200000	-9.590000	-16.420000	1.140000
0.000000	-8.240000	-16.850000	1.690000
0.000000	-8.240000	-16.850000	1.690000
0.000000	-9.150000	-13.660000	2.610000
0.000000	-9.150000	-13.660000	2.610000
0.000000	-6.190000	-15.750000	1.250000
0.000000	-6.190000	-15.750000	1.250000
0.000000	-7.470000	-19.709999	0.910000
0.000000	-7.470000	-19.709999	0.910000
0.000000	-7.880000	-15.690000	1.890000
0.000000	-7.880000	-15.690000	1.890000
1.250000	-8.850000	-14.830000	3.050000
1.250000	-8.850000	-14.830000	3.050000
2.525000	-8.410000	-15.710000	3.000000
2.525000	-8.410000	-15.710000	3.000000
0.800000	-7.590000	-13.940000	3.690000
0.800000	-7.590000	-13.940000	3.690000
14.250000	-8.500000	-17.490000	2.450000
14.250000	-8.500000	-17.490000	2.450000
14.100000	-9.280000	-15.740000	5.660000
14.100000	-9.280000	-15.740000	5.660000
14.025000	-6.400000	-14.460000	5.110000
14.025000	-6.400000	-14.460000	5.110000
10.800000	-5.300000	-12.520000	5.300000
10.800000	-5.300000	-12.520000	5.300000
37.750000	-5.320000	-9.350000	3.560000
37.750000	-5.320000	-9.350000	3.560000
29.299999	-5.150000	-11.000000	7.750000
29.299999	-5.150000	-11.000000	7.750000
5.550000	-7.880000	-17.830000	2.200000
5.550000	-7.880000	-17.830000	2.200000
0.000000	-8.800000	-19.690001	1.760000
0.000000	-8.800000	-19.690001	1.760000
15.275000	-9.910000	-22.700001	2.130000
15.275000	-9.910000	-22.700001	2.130000
18.450001	-7.900000	-16.799999	5.800000
18.450001	-7.900000	-16.799999	5.800000
118.425003	-3.990000	-13.220000	5.310000
118.425003	-3.990000	-13.220000	5.310000
118.275002	-3.270000	-7.530000	7.100000
118.275002	-3.270000	-7.530000	7.100000
30.450001	-3.640000	-7.770000	7.130000
30.450001	-3.640000	-7.770000	7.130000
9.000000	-5.780000	-10.730000	3.630000
9.000000	-5.780000	-10.730000	3.630000
12.450000	-6.330000	-15.410000	1.240000
12.450000	-6.330000	-15.410000	1.240000
20.950001	-6.550000	-13.970000	2.980000
20.950001	-6.550000	-13.970000	2.980000
42.525002	-7.330000	-12.440000	4.010000
42.525002	-7.330000	-12.440000	4.010000
24.850000	-3.780000	-8.880000	5.130000
24.850000	-3.780000	-8.880000	5.130000
4.575000	-1.590000	-7.600000	2.140000
4.575000	-1.590000	-7.600000	2.140000
0.000000	-0.580000	-7.730000	2.480000
0.000000	-0.580000	-7.730000	2.480000
0.000000	0.020000	-9.080000	1.780000
0.000000	0.020000	-9.080000	1.780000
0.000000	1.310000	-11.290000	2.790000
0.000000	1.310000	-11.290000	2.790000
0.000000	0.540000	-11.520000	2.420000
0.000000	0.540000	-11.520000	2.420000
0.000000	1.060000	-12.130000	2.430000
0.000000	1.060000	-12.130000	2.430000
0.000000	1.140000	-12.010000	2.010000
0.000000	1.140000	-12.010000	2.010000
0.000000	0.300000	-9.580000	2.380000
0.000000	0.300000	-9.580000	2.380000
0.000000	2.130000	-8.310000	1.770000
0.000000	2.130000	-8.310000	1.770000
0.000000	3.560000	-9.740000	0.470000
0.000000	3.560000	-9.740000	0.470000
0.000000	3.340000	-6.590000	0.400000
0.000000	3.340000	-6.590000	0.400000
0.325000	3.530000	-9.470000	0.660000
0.325000	3.530000	-9.470000	0.660000
4.075000	3.290000	-6.930000	2.260000
4.075000	3.290000	-6.930000	2.260000
5.600000	1.300000	-7.970000	3.030000
5.600000	1.300000	-7.970000	3.030000
0.000000	-0.450000	-10.700000	2.620000
0.000000	-0.450000	-10.700000	2.620000
0.000000	-0.150000	-13.320000	4.020000
0.000000	-0.150000	-13.320000	4.020000
4.375000	1.240000	-10.050000	2.820000
4.375000	1.240000	-10.050000	2.820000
16.424999	0.630000	-7.200000	1.080000
16.424999	0.630000	-7.200000	1.080000
5.725000	-2.440000	-7.400000	0.870000
5.725000	-2.440000	-7.400000	0.870000
5.125000	-2.770000	-7.190000	3.260000
5.125000	-2.770000	-7.190000	3.260000
8.300000	-2.340000	-8.190000	2.470000
8.300000	-2.340000	-8.190000	2.470000
6.200000	-0.310000	-6.350000	0.510000
6.200000	-0.310000	-6.350000	0.510000
5.175000	-0.050000	-6.060000	2.780000
5.175000	-0.050000	-6.060000	2.780000
16.475000	0.720000	-6.230000	2.700000
16.475000	0.720000	-6.230000	2.700000
12.350000	1.470000	-5.970000	3.830000
12.350000	1.470000	-5.970000	3.830000
11.500000	1.210000	-7.320000	4.330000
11.500000	1.210000	-7.320000	4.330000
3.950000	1.960000	-7.910000	2.630000
3.950000	1.960000	-7.910000	2.630000
0.000000	3.880000	-10.010000	2.260000
0.000000	3.880000	-10.010000	2.260000
0.025000	4.490000	-10.440000	2.220000
0.025000	4.490000	-10.440000	2.220000
2.350000	3.900000	-9.340000	2.840000
2.350000	3.900000	-9.340000	2.840000
4.550000	1.050000	-6.300000	3.260000
4.550000	1.050000	-6.300000	3.260000
10.650000	-0.980000	-7.590000	2.860000
10.650000	-0.980000	-7.590000	2.860000
4.550000	-2.460000	-9.560000	4.980000
4.550000	-2.460000	-9.560000	4.980000
0.275000	-0.830000	-10.080000	2.470000
0.275000	-0.830000	-10.080000	2.470000
0.750000	1.270000	-7.870000	1.010000
0.750000	1.270000	-7.870000	1.010000
0.375000	2.320000	-6.990000	2.710000
0.375000	2.320000	-6.990000	2.710000
0.000000	3.760000	-9.470000	1.390000
0.000000	3.760000	-9.470000	1.390000
0.375000	3.390000	-8.590000	0.750000
0.375000	3.390000	-8.590000	0.750000
0.125000	2.480000	-5.690000	3.530000
0.125000	2.480000	-5.690000	3.530000
0.000000	5.640000	-8.170000	1.290000
0.000000	5.640000	-8.170000	1.290000
1.500000	9.050000	-6.320000	1.540000
1.500000	9.050000	-6.320000	1.540000
0.750000	8.050000	-5.180000	3.740000
0.750000	8.050000	-5.180000	3.740000
0.000000	7.530000	-7.030000	1.860000
0.000000	7.530000	-7.030000	1.860000
0.000000	9.460000	-7.560000	1.150000
0.000000	9.460000	-7.560000	1.150000
0.000000	5.840000	-5.360000	2.780000
0.000000	5.840000	-5.360000	2.780000
0.000000	7.830000	-6.980000	1.250000
0.000000	7.830000	-6.980000	1.250000
3.400000	11.430000	-6.740000	1.240000
3.400000	11.430000	-6.740000	1.240000
1.775000	8.610000	-4.400000	2.370000
1.775000	8.610000	-4.400000	2.370000
0.025000	6.310000	-4.850000	3.240000
0.025000	6.310000	-4.850000	3.240000
0.000000	6.500000	-2.870000	2.040000
0.000000	6.500000	-2.870000	2.040000
0.000000	8.300000	-7.340000	2.570000
0.000000	8.300000	-7.340000	2.570000
0.000000	11.500000	-6.120000	1.390000
0.000000	11.500000	-6.120000	1.390000
0.000000	14.900000	-4.140000	1.660000
0.000000	14.900000	-4.140000	1.660000
0.450000	14.610000	-4.940000	0.640000
0.450000	14.610000	-4.940000	0.640000
0.075000	14.860000	-2.540000	1.380000
0.075000	14.860000	-2.540000	1.380000
7.800000	6.830000	-0.250000	2.850000
7.800000	6.830000	-0.250000	2.850000
11.050000	6.410000	-4.380000	3.040000
11.050000	6.410000	-4.380000	3.040000
3.950000	4.110000	-5.020000	2.990000
3.950000	4.110000	-5.020000	2.990000
6.225000	4.960000	-6.370000	1.070000
6.225000	4.960000	-6.370000	1.070000
12.900000	6.300000	-5.730000	2.240000
12.900000	6.300000	-5.730000	2.240000
5.575000	6.940000	-4.520000	1.740000
5.575000	6.940000	-4.520000	1.740000
0.500000	7.280000	-3.290000	1.190000
0.500000	7.280000	-3.290000	1.190000
0.000000	10.310000	-4.870000	1.490000
0.000000	10.310000	-4.870000	1.490000
2.450000	13.580000	-2.080000	0.440000
2.450000	13.580000	-2.080000	0.440000
4.575000	10.260000	-1.340000	2.270000
4.575000	10.260000	-1.340000	2.270000
3.100000	6.020000	-2.180000	3.820000
3.100000	6.020000	-2.180000	3.820000
8.175000	3.650000	-3.930000	2.630000
8.175000	3.650000	-3.930000	2.630000
12.350000	2.890000	-3.660000	2.910000
12.350000	2.890000	-3.660000	2.910000
7.675000	4.620000	-4.200000	3.120000
7.675000	4.620000	-4.200000	3.120000
2.175000	3.160000	-4.780000	2.860000
2.175000	3.160000	-4.780000	2.860000
0.000000	5.370000	-9.010000	1.560000
0.000000	5.370000	-9.010000	1.560000
0.000000	10.890000	-6.160000	1.250000
0.000000	10.890000	-6.160000	1.250000
0.000000	14.820000	-3.210000	1.920000
0.000000	14.820000	-3.210000	1.920000
0.000000	18.830000	-0.330000	1.850000
0.000000	18.830000	-0.330000	1.850000
0.000000	20.260000	0.450000	2.010000
0.000000	20.260000	0.450000	2.010000
0.000000	21.450001	0.470000	2.270000
0.000000	21.450001	0.470000	2.270000
0.000000	21.500000	0.740000	2.170000
0.000000	21.500000	0.740000	2.170000
0.000000	23.049999	-0.330000	1.760000
0.000000	23.049999	-0.330000	1.760000
0.000000	23.540001	1.950000	1.670000
0.000000	23.540001	1.950000	1.670000
0.000000	22.280001	1.010000	1.700000
0.000000	22.280001	1.010000	1.700000
0.000000	20.389999	1.830000	1.000000
0.000000	20.389999	1.830000	1.000000
0.000000	19.410000	4.920000	2.740000
0.000000	19.410000	4.920000	2.740000
0.875000	14.380000	2.290000	3.920000
0.875000	14.380000	2.290000	3.920000
0.425000	8.300000	0.700000	2.370000
0.425000	8.300000	0.700000	2.370000
0.000000	13.680000	-1.600000	3.210000
0.000000	13.680000	-1.600000	3.210000
0.625000	14.030000	-0.390000	1.460000
0.625000	14.030000	-0.390000	1.460000
0.250000	10.830000	-1.130000	2.290000
0.250000	10.830000	-1.130000	2.290000
0.000000	11.570000	3.530000	2.520000
0.000000	11.570000	3.530000	2.520000
0.000000	12.260000	1.880000	3.250000
0.000000	12.260000	1.880000	3.250000
0.000000	13.820000	1.690000	1.960000
0.000000	13.820000	1.690000	1.960000
0.000000	14.050000	0.340000	1.810000
0.000000	14.050000	0.340000	1.810000
0.000000	15.830000	-0.750000	0.640000
0.000000	15.830000	-0.750000	0.640000
0.125000	19.219999	-2.060000	1.730000
0.125000	19.219999	-2.060000	1.730000
2.275000	16.790001	4.230000	1.980000
2.275000	16.790001	4.230000	1.980000
1.100000	11.850000	1.150000	2.770000
1.100000	11.850000	1.150000	2.770000
0.000000	13.070000	-4.250000	2.270000
0.000000	13.070000	-4.250000	2.270000
0.000000	14.640000	1.640000	2.030000
0.000000	14.640000	1.640000	2.030000
0.300000	10.160000	1.870000	1.980000
0.300000	10.160000	1.870000	1.980000
0.150000	10.070000	1.060000	4.210000
0.150000	10.070000	1.060000	4.210000
0.000000	11.030000	1.510000	3.220000
0.000000	11.030000	1.510000	3.220000
0.000000	14.390000	-2.680000	1.900000
0.000000	14.390000	-2.680000	1.900000
0.000000	21.150000	-0.070000	1.610000
0.000000	21.150000	-0.070000	1.610000
0.000000	22.260000	1.080000	2.040000
0.000000	22.260000	1.080000	2.040000
0.000000	24.690001	1.280000	0.560000
0.000000	24.690001	1.280000	0.560000
0.000000	19.559999	3.120000	3.430000
0.000000	19.559999	3.120000	3.430000
4.000000	17.400000	-1.240000	2.170000
4.000000	17.400000	-1.240000	2.170000
2.075000	17.650000	5.550000	1.420000
2.075000	17.650000	5.550000	1.420000
0.025000	15.910000	4.330000	2.050000
0.025000	15.910000	4.330000	2.050000
0.000000	15.320000	1.960000	3.330000
0.000000	15.320000	1.960000	3.330000
0.000000	15.490000	-1.130000	2.280000
0.000000	15.490000	-1.130000	2.280000
0.000000	16.700001	1.440000	2.830000
0.000000	16.700001	1.440000	2.830000
0.000000	18.719999	0.210000	2.460000
0.000000	18.719999	0.210000	2.460000
3.200000	16.740000	2.020000	4.280000
3.200000	16.740000	2.020000	4.280000
3.600000	10.450000	-0.520000	4.100000
3.600000	10.450000	-0.520000	4.100000
1.950000	9.920000	-3.030000	1.700000
1.950000	9.920000	-3.030000	1.700000
0.000000	15.810000	-2.020000	3.020000
0.000000	15.810000	-2.020000	3.020000
0.000000	16.730000	-1.900000	1.700000
0.000000	16.730000	-1.900000	1.700000
0.000000	14.820000	0.000000	0.900000
0.000000	14.820000	0.000000	0.900000
0.475000	14.660000	1.670000	1.580000
0.475000	14.660000	1.670000	1.580000
0.200000	14.110000	3.950000	2.450000
0.200000	14.110000	3.950000	2.450000
0.675000	12.910000	3.020000	2.740000
0.675000	12.910000	3.020000	2.740000
0.425000	11.330000	5.140000	5.130000
0.425000	11.330000	5.140000	5.130000
1.075000	11.640000	-0.460000	2.790000
1.075000	11.640000	-0.460000	2.790000
0.500000	11.890000	0.220000	3.240000
0.500000	11.890000	0.220000	3.240000
3.650000	12.060000	-1.840000	1.520000
3.650000	12.060000	-1.840000	1.520000
2.550000	11.830000	-0.850000	1.880000
2.550000	11.830000	-0.850000	1.880000
0.150000	11.690000	-0.130000	3.140000
0.150000	11.690000	-0.130000	3.140000
0.025000	11.840000	-3.660000	0.880000
0.025000	11.840000	-3.660000	0.880000
0.000000	15.720000	-2.780000	1.610000
0.000000	15.720000	-2.780000	1.610000
0.000000	16.889999	0.520000	2.040000
