7.825000	-7.140000	-12.550000	4.640000
7.825000	-7.140000	-12.550000	4.640000
1.050000	-8.950000	-18.799999	2.540000
1.050000	-8.950000	-18.799999	2.540000
0.000000	-13.450000	-22.230000	0.730000
0.000000	-13.450000	-22.230000	0.730000
4.800000	-14.190000	-19.209999	2.040000
4.800000	-14.190000	-19.209999	2.040000
15.675000	-11.050000	-17.030001	1.760000
15.675000	-11.050000	-17.030001	1.760000
19.525000	-5.000000	-12.810000	3.140000
19.525000	-5.000000	-12.810000	3.140000
5.650000	-2.760000	-14.600000	5.810000
5.650000	-2.760000	-14.600000	5.810000
0.025000	-10.130000	-19.629999	2.140000
0.025000	-10.130000	-19.629999	2.140000
0.000000	-14.640000	-24.010000	0.280000
0.000000	-14.640000	-24.010000	0.280000
0.000000	-13.980000	-23.090000	0.410000
0.000000	-13.980000	-23.090000	0.410000
0.000000	-12.240000	-20.590000	0.820000
0.000000	-12.240000	-20.590000	0.820000
0.000000	-10.640000	-18.299999	1.460000
0.000000	-10.640000	-18.299999	1.460000
0.575000	-9.540000	-16.920000	2.050000
0.575000	-9.540000	-16.920000	2.050000
2.150000	-7.030000	-14.870000	2.970000
2.150000	-7.030000	-14.870000	2.970000
0.775000	-5.450000	-12.450000	2.280000
0.775000	-5.450000	-12.450000	2.280000
1.100000	-7.510000	-15.910000	1.820000
1.100000	-7.510000	-15.910000	1.820000
1.175000	-5.630000	-14.660000	2.550000
1.175000	-5.630000	-14.660000	2.550000
0.925000	-8.390000	-17.120001	1.950000
0.925000	-8.390000	-17.120001	1.950000
0.275000	-8.350000	-20.170000	0.540000
0.275000	-8.350000	-20.170000	0.540000
0.850000	-11.760000	-20.180000	2.000000
0.850000	-11.760000	-20.180000	2.000000
0.350000	-13.260000	-19.320000	3.250000
0.350000	-13.260000	-19.320000	3.250000
0.000000	-12.820000	-19.490000	2.370000
0.000000	-12.820000	-19.490000	2.370000
0.000000	-13.130000	-22.500000	3.330000
0.000000	-13.130000	-22.500000	3.330000
0.100000	-13.500000	-21.389999	2.290000
0.100000	-13.500000	-21.389999	2.290000
1.175000	-15.310000	-21.160000	2.430000
1.175000	-15.310000	-21.160000	2.430000
1.400000	-12.610000	-18.290001	1.700000
1.400000	-12.610000	-18.290001	1.700000
0.375000	-9.890000	-15.610000	1.120000
0.375000	-9.890000	-15.610000	1.120000
0.000000	-7.620000	-16.440001	1.720000
0.000000	-7.620000	-16.440001	1.720000
0.000000	-9.130000	-14.030000	2.550000
0.000000	-9.130000	-14.030000	2.550000
0.000000	-6.290000	-15.160000	1.230000
0.000000	-6.290000	-15.160000	1.230000
0.000000	-6.740000	-18.900000	0.920000
0.000000	-6.740000	-18.900000	0.920000
0.000000	-8.010000	-16.799999	1.870000
0.000000	-8.010000	-16.799999	1.870000
0.875000	-8.820000	-15.320000	3.070000
0.875000	-8.820000	-15.320000	3.070000
1.975000	-8.180000	-15.550000	3.010000
1.975000	-8.180000	-15.550000	3.010000
0.625000	-8.090000	-14.300000	3.730000
0.625000	-8.090000	-14.300000	3.730000
14.750000	-8.260000	-17.790001	2.430000
14.750000	-8.260000	-17.790001	2.430000
18.875000	-9.590000	-16.730000	5.620000
18.875000	-9.590000	-16.730000	5.620000
16.850000	-7.130000	-13.850000	5.110000
16.850000	-7.130000	-13.850000	5.110000
11.875000	-6.030000	-12.350000	5.270000
11.875000	-6.030000	-12.350000	5.270000
44.575001	-5.810000	-9.830000	3.540000
44.575001	-5.810000	-9.830000	3.540000
38.075001	-5.530000	-11.350000	7.690000
38.075001	-5.530000	-11.350000	7.690000
8.325000	-8.050000	-16.760000	2.200000
8.325000	-8.050000	-16.760000	2.200000
0.000000	-8.560000	-20.450001	1.710000
0.000000	-8.560000	-20.450001	1.710000
19.549999	-9.880000	-22.450001	2.120000
19.549999	-9.880000	-22.450001	2.120000
24.475000	-8.650000	-17.600000	5.810000
24.475000	-8.650000	-17.600000	5.810000
107.775002	-4.980000	-12.600000	5.260000
107.775002	-4.980000	-12.600000	5.260000
126.750000	-3.880000	-8.180000	7.100000
126.750000	-3.880000	-8.180000	7.100000
40.275002	-3.880000	-8.380000	7.040000
40.275002	-3.880000	-8.380000	7.040000
8.800000	-6.470000	-10.810000	3.560000
8.800000	-6.470000	-10.810000	3.560000
12.225000	-6.600000	-15.750000	1.270000
12.225000	-6.600000	-15.750000	1.270000
21.200001	-7.370000	-14.750000	3.010000
21.200001	-7.370000	-14.750000	3.010000
48.049999	-7.690000	-13.280000	4.000000
48.049999	-7.690000	-13.280000	4.000000
32.125000	-4.580000	-8.580000	5.140000
32.125000	-4.580000	-8.580000	5.140000
6.825000	-2.510000	-7.900000	2.150000
6.825000	-2.510000	-7.900000	2.150000
0.000000	-0.920000	-8.250000	2.460000
0.000000	-0.920000	-8.250000	2.460000
0.000000	0.150000	-9.470000	1.770000
0.000000	0.150000	-9.470000	1.770000
0.000000	1.730000	-10.820000	2.800000
0.000000	1.730000	-10.820000	2.800000
0.000000	0.870000	-11.190000	2.420000
0.000000	0.870000	-11.190000	2.420000
0.000000	1.490000	-11.660000	2.400000
0.000000	1.490000	-11.660000	2.400000
0.000000	1.810000	-11.760000	1.980000
0.000000	1.810000	-11.760000	1.980000
0.000000	0.430000	-9.550000	2.330000
0.000000	0.430000	-9.550000	2.330000
0.000000	2.200000	-8.420000	1.760000
0.000000	2.200000	-8.420000	1.760000
0.000000	3.900000	-9.580000	0.480000
0.000000	3.900000	-9.580000	0.480000
0.000000	3.460000	-7.360000	0.410000
0.000000	3.460000	-7.360000	0.410000
0.575000	3.560000	-9.830000	0.650000
0.575000	3.560000	-9.830000	0.650000
6.700000	3.260000	-7.490000	2.240000
6.700000	3.260000	-7.490000	2.240000
6.925000	0.470000	-8.640000	3.060000
6.925000	0.470000	-8.640000	3.060000
0.000000	-0.730000	-10.950000	2.630000
0.000000	-0.730000	-10.950000	2.630000
0.000000	-0.040000	-12.760000	4.020000
0.000000	-0.040000	-12.760000	4.020000
5.500000	1.440000	-10.200000	2.810000
5.500000	1.440000	-10.200000	2.810000
20.225000	1.260000	-7.890000	1.120000
20.225000	1.260000	-7.890000	1.120000
7.250000	-2.930000	-8.210000	0.850000
7.250000	-2.930000	-8.210000	0.850000
6.800000	-3.340000	-7.600000	3.250000
6.800000	-3.340000	-7.600000	3.250000
8.250000	-2.550000	-8.530000	2.480000
8.250000	-2.550000	-8.530000	2.480000
6.400000	0.020000	-6.760000	0.520000
6.400000	0.020000	-6.760000	0.520000
5.725000	0.040000	-6.740000	2.750000
5.725000	0.040000	-6.740000	2.750000
16.575001	0.320000	-6.820000	2.670000
16.575001	0.320000	-6.820000	2.670000
15.850000	2.100000	-6.610000	3.870000
15.850000	2.100000	-6.610000	3.870000
17.625000	1.060000	-7.800000	4.330000
17.625000	1.060000	-7.800000	4.330000
6.125000	0.710000	-8.450000	2.630000
6.125000	0.710000	-8.450000	2.630000
0.000000	3.280000	-10.130000	2.270000
0.000000	3.280000	-10.130000	2.270000
0.025000	3.910000	-10.800000	2.190000
0.025000	3.910000	-10.800000	2.190000
4.000000	2.930000	-9.590000	2.820000
4.000000	2.930000	-9.590000	2.820000
4.950000	1.230000	-7.110000	3.280000
4.950000	1.230000	-7.110000	3.280000
14.375000	-1.530000	-8.090000	2.870000
14.375000	-1.530000	-8.090000	2.870000
6.800000	-3.010000	-10.030000	4.940000
6.800000	-3.010000	-10.030000	4.940000
0.525000	-1.780000	-10.450000	2.450000
0.525000	-1.780000	-10.450000	2.450000
1.300000	0.770000	-8.550000	1.010000
1.300000	0.770000	-8.550000	1.010000
0.625000	1.020000	-7.490000	2.760000
0.625000	1.020000	-7.490000	2.760000
0.000000	2.680000	-9.720000	1.380000
0.000000	2.680000	-9.720000	1.380000
0.625000	3.640000	-9.110000	0.770000
0.625000	3.640000	-9.110000	0.770000
0.225000	1.030000	-6.620000	3.540000
0.225000	1.030000	-6.620000	3.540000
0.000000	4.520000	-8.750000	1.270000
0.000000	4.520000	-8.750000	1.270000
2.550000	8.740000	-6.970000	1.510000
2.550000	8.740000	-6.970000	1.510000
1.275000	8.240000	-5.250000	3.720000
1.275000	8.240000	-5.250000	3.720000
0.000000	6.990000	-7.660000	1.840000
0.000000	6.990000	-7.660000	1.840000
0.000000	9.290000	-8.040000	1.190000
0.000000	9.290000	-8.040000	1.190000
0.000000	5.550000	-6.420000	2.750000
0.000000	5.550000	-6.420000	2.750000
0.000000	7.040000	-7.500000	1.240000
0.000000	7.040000	-7.500000	1.240000
5.550000	11.230000	-7.150000	1.200000
5.550000	11.230000	-7.150000	1.200000
2.950000	9.200000	-5.190000	2.410000
2.950000	9.200000	-5.190000	2.410000
0.075000	6.650000	-5.940000	3.230000
0.075000	6.650000	-5.940000	3.230000
0.025000	5.580000	-4.150000	1.990000
0.025000	5.580000	-4.150000	1.990000
0.000000	7.660000	-7.560000	2.630000
0.000000	7.660000	-7.560000	2.630000
0.000000	11.360000	-6.500000	1.370000
0.000000	11.360000	-6.500000	1.370000
0.000000	14.270000	-4.980000	1.620000
0.000000	14.270000	-4.980000	1.620000
0.475000	14.180000	-5.480000	0.660000
0.475000	14.180000	-5.480000	0.660000
0.175000	14.310000	-3.410000	1.440000
0.175000	14.310000	-3.410000	1.440000
12.550000	5.220000	-2.250000	2.870000
12.550000	5.220000	-2.250000	2.870000
14.875000	4.730000	-5.430000	3.050000
14.875000	4.730000	-5.430000	3.050000
4.925000	3.100000	-5.950000	2.990000
4.925000	3.100000	-5.950000	2.990000
8.350000	3.920000	-6.780000	1.090000
8.350000	3.920000	-6.780000	1.090000
18.225000	5.810000	-6.320000	2.270000
18.225000	5.810000	-6.320000	2.270000
8.325000	5.650000	-4.930000	1.730000
8.325000	5.650000	-4.930000	1.730000
0.825000	6.560000	-4.050000	1.170000
0.825000	6.560000	-4.050000	1.170000
0.000000	8.540000	-5.350000	1.480000
0.000000	8.540000	-5.350000	1.480000
3.325000	13.430000	-2.990000	0.470000
3.325000	13.430000	-2.990000	0.470000
7.575000	9.800000	-2.280000	2.290000
7.575000	9.800000	-2.280000	2.290000
5.100000	5.330000	-3.460000	3.810000
5.100000	5.330000	-3.460000	3.810000
6.975000	2.730000	-4.980000	2.590000
6.975000	2.730000	-4.980000	2.590000
14.950000	2.290000	-4.370000	2.890000
14.950000	2.290000	-4.370000	2.890000
11.975000	2.800000	-4.980000	3.130000
11.975000	2.800000	-4.980000	3.130000
3.425000	2.290000	-5.600000	2.860000
3.425000	2.290000	-5.600000	2.860000
0.000000	3.890000	-9.610000	1.580000
0.000000	3.890000	-9.610000	1.580000
0.000000	9.270000	-6.870000	1.260000
0.000000	9.270000	-6.870000	1.260000
0.000000	14.100000	-3.880000	1.950000
0.000000	14.100000	-3.880000	1.950000
0.000000	18.639999	-1.020000	1.890000
0.000000	18.639999	-1.020000	1.890000
0.000000	19.160000	-0.100000	2.020000
0.000000	19.160000	-0.100000	2.020000
0.000000	20.559999	-1.020000	2.320000
0.000000	20.559999	-1.020000	2.320000
0.000000	20.379999	-0.620000	2.200000
0.000000	20.379999	-0.620000	2.200000
0.000000	21.930000	-1.310000	1.790000
0.000000	21.930000	-1.310000	1.790000
0.000000	22.610001	0.920000	1.700000
0.000000	22.610001	0.920000	1.700000
0.000000	21.559999	-0.240000	1.730000
0.000000	21.559999	-0.240000	1.730000
0.000000	20.090000	1.030000	0.990000
0.000000	20.090000	1.030000	0.990000
0.000000	19.370001	2.950000	2.790000
0.000000	19.370001	2.950000	2.790000
1.400000	13.780000	0.910000	3.920000
1.400000	13.780000	0.910000	3.920000
0.700000	8.080000	-0.120000	2.380000
0.700000	8.080000	-0.120000	2.380000
0.000000	12.920000	-2.290000	3.190000
0.000000	12.920000	-2.290000	3.190000
0.800000	14.550000	-0.790000	1.500000
0.800000	14.550000	-0.790000	1.500000
0.400000	8.730000	-1.490000	2.280000
0.400000	8.730000	-1.490000	2.280000
0.000000	11.050000	1.980000	2.500000
0.000000	11.050000	1.980000	2.500000
0.000000	11.440000	0.700000	3.240000
0.000000	11.440000	0.700000	3.240000
0.000000	12.340000	0.710000	1.930000
0.000000	12.340000	0.710000	1.930000
0.000000	13.250000	-1.360000	1.810000
0.000000	13.250000	-1.360000	1.810000
0.000000	14.760000	-1.970000	0.690000
0.000000	14.760000	-1.970000	0.690000
0.175000	18.250000	-2.820000	1.790000
0.175000	18.250000	-2.820000	1.790000
3.650000	16.280001	2.540000	2.000000
3.650000	16.280001	2.540000	2.000000
1.850000	10.980000	0.120000	2.780000
1.850000	10.980000	0.120000	2.780000
0.025000	11.360000	-4.990000	2.260000
0.025000	11.360000	-4.990000	2.260000
0.000000	14.000000	-0.140000	2.030000
0.000000	14.000000	-0.140000	2.030000
0.525000	9.820000	0.100000	2.000000
0.525000	9.820000	0.100000	2.000000
0.350000	9.380000	-0.090000	4.210000
0.350000	9.380000	-0.090000	4.210000
0.025000	9.300000	0.060000	3.230000
0.025000	9.300000	0.060000	3.230000
0.000000	12.590000	-3.320000	1.950000
0.000000	12.590000	-3.320000	1.950000
0.000000	19.840000	-0.910000	1.660000
0.000000	19.840000	-0.910000	1.660000
0.000000	21.290001	0.420000	2.050000
0.000000	21.290001	0.420000	2.050000
0.000000	24.160000	0.750000	0.590000
0.000000	24.160000	0.750000	0.590000
0.000000	19.480000	1.110000	3.490000
0.000000	19.480000	1.110000	3.490000
6.450000	16.070000	-1.750000	2.190000
6.450000	16.070000	-1.750000	2.190000
3.350000	17.280001	4.130000	1.420000
3.350000	17.280001	4.130000	1.420000
0.075000	14.970000	3.070000	2.070000
0.075000	14.970000	3.070000	2.070000
0.000000	14.320000	0.560000	3.330000
0.000000	14.320000	0.560000	3.330000
0.000000	14.730000	-1.840000	2.310000
0.000000	14.730000	-1.840000	2.310000
0.000000	15.590000	-0.300000	2.820000
0.000000	15.590000	-0.300000	2.820000
0.000000	17.340000	-1.000000	2.450000
0.000000	17.340000	-1.000000	2.450000
4.225000	16.459999	0.640000	4.310000
4.225000	16.459999	0.640000	4.310000
4.675000	10.370000	-1.550000	4.120000
4.675000	10.370000	-1.550000	4.120000
2.250000	8.980000	-3.150000	1.660000
2.250000	8.980000	-3.150000	1.660000
0.000000	15.280000	-1.740000	3.020000
0.000000	15.280000	-1.740000	3.020000
0.000000	16.820000	-2.200000	1.710000
0.000000	16.820000	-2.200000	1.710000
0.000000	14.150000	-0.480000	0.890000
0.000000	14.150000	-0.480000	0.890000
0.875000	14.310000	1.390000	1.580000
0.875000	14.310000	1.390000	1.580000
0.425000	12.250000	2.570000	2.460000
0.425000	12.250000	2.570000	2.460000
1.100000	11.420000	2.670000	2.760000
1.100000	11.420000	2.670000	2.760000
0.700000	9.980000	3.610000	5.170000
0.700000	9.980000	3.610000	5.170000
1.750000	10.310000	-1.250000	2.790000
1.750000	10.310000	-1.250000	2.790000
0.825000	11.040000	-0.810000	3.270000
0.825000	11.040000	-0.810000	3.270000
5.925000	10.350000	-1.650000	1.500000
5.925000	10.350000	-1.650000	1.500000
3.800000	10.480000	-1.160000	1.900000
3.800000	10.480000	-1.160000	1.900000
0.300000	10.360000	-1.160000	3.140000
0.300000	10.360000	-1.160000	3.140000
0.025000	9.380000	-3.940000	0.840000
0.025000	9.380000	-3.940000	0.840000
0.000000	15.330000	-3.120000	1.670000
0.000000	15.330000	-3.120000	1.670000
0.000000	15.100000	-1.200000	2.080000
