4.050000	-4.030000	-12.850000	4.490000
4.050000	-4.030000	-12.850000	4.490000
0.000000	-4.840000	-22.290001	2.660000
0.000000	-4.840000	-22.290001	2.660000
0.000000	-15.460000	-21.900000	0.640000
0.000000	-15.460000	-21.900000	0.640000
0.000000	-15.670000	-19.059999	2.010000
0.000000	-15.670000	-19.059999	2.010000
0.450000	-11.870000	-17.459999	1.880000
0.450000	-11.870000	-17.459999	1.880000
5.050000	0.030000	-12.740000	3.090000
5.050000	0.030000	-12.740000	3.090000
2.775000	1.450000	-16.680000	5.500000
2.775000	1.450000	-16.680000	5.500000
0.000000	-13.410000	-22.360001	2.190000
0.000000	-13.410000	-22.360001	2.190000
0.000000	-16.860001	-26.100000	0.360000
0.000000	-16.860001	-26.100000	0.360000
0.000000	-15.020000	-24.860001	0.320000
0.000000	-15.020000	-24.860001	0.320000
0.000000	-14.150000	-21.840000	0.630000
0.000000	-14.150000	-21.840000	0.630000
0.000000	-15.440000	-20.299999	1.340000
0.000000	-15.440000	-20.299999	1.340000
0.025000	-14.070000	-19.360001	1.960000
0.025000	-14.070000	-19.360001	1.960000
0.600000	-5.070000	-16.629999	2.760000
0.600000	-5.070000	-16.629999	2.760000
0.350000	-5.530000	-14.320000	2.500000
0.350000	-5.530000	-14.320000	2.500000
0.650000	-5.910000	-15.450000	1.850000
0.650000	-5.910000	-15.450000	1.850000
0.075000	-5.000000	-16.100000	2.600000
0.075000	-5.000000	-16.100000	2.600000
0.000000	-10.610000	-18.889999	1.850000
0.000000	-10.610000	-18.889999	1.850000
0.000000	-10.580000	-21.209999	0.410000
0.000000	-10.580000	-21.209999	0.410000
0.575000	-14.490000	-21.040001	1.830000
0.575000	-14.490000	-21.040001	1.830000
0.975000	-15.260000	-21.320000	3.390000
0.975000	-15.260000	-21.320000	3.390000
0.000000	-14.460000	-22.350000	2.370000
0.000000	-14.460000	-22.350000	2.370000
0.000000	-15.090000	-22.920000	3.310000
0.000000	-15.090000	-22.920000	3.310000
0.025000	-15.940000	-22.780001	2.110000
0.025000	-15.940000	-22.780001	2.110000
0.300000	-16.219999	-21.330000	2.420000
0.300000	-16.219999	-21.330000	2.420000
0.375000	-16.440001	-20.350000	1.900000
0.375000	-16.440001	-20.350000	1.900000
0.000000	-11.300000	-19.090000	1.260000
0.000000	-11.300000	-19.090000	1.260000
0.000000	-9.780000	-18.500000	1.470000
0.000000	-9.780000	-18.500000	1.470000
0.025000	-10.510000	-15.820000	2.750000
0.025000	-10.510000	-15.820000	2.750000
0.000000	-6.180000	-16.860001	1.370000
0.000000	-6.180000	-16.860001	1.370000
0.000000	-8.800000	-19.440001	0.920000
0.000000	-8.800000	-19.440001	0.920000
0.000000	-9.490000	-17.639999	1.800000
0.000000	-9.490000	-17.639999	1.800000
0.625000	-11.060000	-17.910000	2.960000
0.625000	-11.060000	-17.910000	2.960000
2.425000	-10.480000	-19.240000	2.980000
2.425000	-10.480000	-19.240000	2.980000
0.275000	-8.600000	-15.230000	3.820000
0.275000	-8.600000	-15.230000	3.820000
9.925000	-10.510000	-17.440001	2.620000
9.925000	-10.510000	-17.440001	2.620000
6.425000	-9.010000	-16.379999	5.750000
6.425000	-9.010000	-16.379999	5.750000
3.325000	-6.240000	-13.970000	4.990000
3.325000	-6.240000	-13.970000	4.990000
11.800000	-5.320000	-13.970000	5.320000
11.800000	-5.320000	-13.970000	5.320000
22.475000	-5.340000	-10.200000	3.640000
22.475000	-5.340000	-10.200000	3.640000
15.425000	-5.050000	-15.900000	7.850000
15.425000	-5.050000	-15.900000	7.850000
0.050000	-10.520000	-18.770000	2.140000
0.050000	-10.520000	-18.770000	2.140000
0.000000	-13.140000	-22.030001	1.650000
0.000000	-13.140000	-22.030001	1.650000
11.050000	-7.630000	-20.920000	2.050000
11.050000	-7.630000	-20.920000	2.050000
14.325000	-6.000000	-13.590000	5.590000
14.325000	-6.000000	-13.590000	5.590000
36.849998	-4.370000	-10.750000	5.430000
36.849998	-4.370000	-10.750000	5.430000
63.200001	0.130000	-6.840000	6.940000
63.200001	0.130000	-6.840000	6.940000
11.350000	-3.800000	-9.980000	7.120000
11.350000	-3.800000	-9.980000	7.120000
4.125000	-6.740000	-15.130000	3.750000
4.125000	-6.740000	-15.130000	3.750000
15.500000	-9.730000	-16.299999	1.270000
15.500000	-9.730000	-16.299999	1.270000
11.300000	-6.140000	-15.710000	2.860000
11.300000	-6.140000	-15.710000	2.860000
23.924999	-8.470000	-11.880000	4.020000
23.924999	-8.470000	-11.880000	4.020000
10.275000	-2.160000	-7.540000	5.090000
10.275000	-2.160000	-7.540000	5.090000
0.675000	0.560000	-7.940000	2.070000
0.675000	0.560000	-7.940000	2.070000
0.000000	0.560000	-7.510000	2.440000
0.000000	0.560000	-7.510000	2.440000
0.000000	2.580000	-8.380000	1.730000
0.000000	2.580000	-8.380000	1.730000
0.000000	2.890000	-11.260000	2.700000
0.000000	2.890000	-11.260000	2.700000
0.000000	2.190000	-10.010000	2.360000
0.000000	2.190000	-10.010000	2.360000
0.000000	1.910000	-10.010000	2.350000
0.000000	1.910000	-10.010000	2.350000
0.000000	2.330000	-9.850000	1.930000
0.000000	2.330000	-9.850000	1.930000
0.000000	1.110000	-6.750000	2.370000
0.000000	1.110000	-6.750000	2.370000
0.000000	3.560000	-6.970000	1.770000
0.000000	3.560000	-6.970000	1.770000
0.000000	5.560000	-6.920000	0.550000
0.000000	5.560000	-6.920000	0.550000
0.000000	5.980000	-5.210000	0.370000
0.000000	5.980000	-5.210000	0.370000
0.000000	6.000000	-5.870000	0.650000
0.000000	6.000000	-5.870000	0.650000
0.800000	1.930000	-6.140000	2.070000
0.800000	1.930000	-6.140000	2.070000
9.375000	-0.210000	-10.310000	2.910000
9.375000	-0.210000	-10.310000	2.910000
0.000000	-1.430000	-12.600000	2.460000
0.000000	-1.430000	-12.600000	2.460000
0.000000	-0.400000	-13.330000	3.810000
0.000000	-0.400000	-13.330000	3.810000
1.175000	1.250000	-11.190000	2.620000
1.175000	1.250000	-11.190000	2.620000
9.925000	-1.880000	-6.520000	1.160000
9.925000	-1.880000	-6.520000	1.160000
2.200000	-3.100000	-7.660000	1.010000
2.200000	-3.100000	-7.660000	1.010000
1.800000	-3.650000	-9.030000	2.930000
1.800000	-3.650000	-9.030000	2.930000
4.850000	-3.330000	-8.940000	2.360000
4.850000	-3.330000	-8.940000	2.360000
3.200000	-2.100000	-6.330000	0.480000
3.200000	-2.100000	-6.330000	0.480000
3.675000	-1.140000	-5.280000	2.840000
3.675000	-1.140000	-5.280000	2.840000
14.400000	0.530000	-5.020000	2.780000
14.400000	0.530000	-5.020000	2.780000
6.700000	0.710000	-5.300000	3.680000
6.700000	0.710000	-5.300000	3.680000
2.200000	1.920000	-10.760000	4.240000
2.200000	1.920000	-10.760000	4.240000
0.850000	2.920000	-9.610000	2.550000
0.850000	2.920000	-9.610000	2.550000
0.000000	4.320000	-8.800000	2.160000
0.000000	4.320000	-8.800000	2.160000
0.125000	3.620000	-8.920000	2.410000
0.125000	3.620000	-8.920000	2.410000
0.125000	3.600000	-7.450000	2.790000
0.125000	3.600000	-7.450000	2.790000
0.975000	-1.480000	-6.920000	3.160000
0.975000	-1.480000	-6.920000	3.160000
6.075000	-1.710000	-8.670000	2.720000
6.075000	-1.710000	-8.670000	2.720000
1.975000	-4.240000	-12.950000	4.790000
1.975000	-4.240000	-12.950000	4.790000
0.000000	-2.760000	-11.860000	2.400000
0.000000	-2.760000	-11.860000	2.400000
0.300000	1.490000	-7.510000	0.910000
0.300000	1.490000	-7.510000	0.910000
0.075000	3.050000	-8.080000	2.590000
0.075000	3.050000	-8.080000	2.590000
0.000000	5.340000	-7.960000	1.460000
0.000000	5.340000	-7.960000	1.460000
0.000000	1.680000	-7.030000	0.740000
0.000000	1.680000	-7.030000	0.740000
0.000000	3.200000	-6.770000	3.380000
0.000000	3.200000	-6.770000	3.380000
0.000000	9.200000	-5.290000	1.200000
0.000000	9.200000	-5.290000	1.200000
0.000000	9.770000	-2.790000	1.630000
0.000000	9.770000	-2.790000	1.630000
0.200000	5.820000	-4.690000	3.610000
0.200000	5.820000	-4.690000	3.610000
0.000000	9.970000	-3.740000	1.810000
0.000000	9.970000	-3.740000	1.810000
0.000000	7.760000	-5.180000	1.020000
0.000000	7.760000	-5.180000	1.020000
0.000000	4.810000	-4.750000	2.760000
0.000000	4.810000	-4.750000	2.760000
0.000000	8.420000	-4.260000	1.240000
0.000000	8.420000	-4.260000	1.240000
0.000000	11.850000	-2.960000	1.320000
0.000000	11.850000	-2.960000	1.320000
0.000000	5.840000	-4.660000	2.180000
0.000000	5.840000	-4.660000	2.180000
0.000000	3.960000	-3.090000	3.130000
0.000000	3.960000	-3.090000	3.130000
0.000000	6.100000	-4.590000	1.980000
0.000000	6.100000	-4.590000	1.980000
0.000000	7.690000	-4.460000	2.560000
0.000000	7.690000	-4.460000	2.560000
0.000000	11.810000	-2.000000	1.450000
0.000000	11.810000	-2.000000	1.450000
0.000000	12.760000	-0.970000	1.620000
0.000000	12.760000	-0.970000	1.620000
1.000000	14.710000	-1.340000	0.680000
1.000000	14.710000	-1.340000	0.680000
0.000000	13.420000	-1.150000	1.270000
0.000000	13.420000	-1.150000	1.270000
1.100000	5.650000	-3.270000	2.750000
1.100000	5.650000	-3.270000	2.750000
2.650000	4.660000	-4.230000	2.980000
2.650000	4.660000	-4.230000	2.980000
1.925000	3.860000	-5.890000	2.940000
1.925000	3.860000	-5.890000	2.940000
1.900000	5.260000	-4.140000	0.990000
1.900000	5.260000	-4.140000	0.990000
4.075000	5.470000	-6.200000	2.240000
4.075000	5.470000	-6.200000	2.240000
1.275000	6.750000	-3.200000	1.580000
1.275000	6.750000	-3.200000	1.580000
0.000000	6.200000	-3.710000	1.100000
0.000000	6.200000	-3.710000	1.100000
0.000000	11.990000	-1.290000	1.480000
0.000000	11.990000	-1.290000	1.480000
2.675000	12.180000	-1.140000	0.430000
2.675000	12.180000	-1.140000	0.430000
0.775000	8.050000	-2.380000	2.200000
0.775000	8.050000	-2.380000	2.200000
0.125000	4.170000	-3.820000	3.790000
0.125000	4.170000	-3.820000	3.790000
3.325000	2.890000	-4.170000	2.600000
3.325000	2.890000	-4.170000	2.600000
14.450000	1.050000	-3.440000	3.000000
14.450000	1.050000	-3.440000	3.000000
1.875000	4.660000	-4.950000	3.150000
1.875000	4.660000	-4.950000	3.150000
0.350000	2.440000	-6.590000	2.590000
0.350000	2.440000	-6.590000	2.590000
0.000000	5.630000	-10.400000	1.480000
0.000000	5.630000	-10.400000	1.480000
0.000000	11.580000	-1.970000	1.240000
0.000000	11.580000	-1.970000	1.240000
0.000000	15.580000	0.050000	1.790000
0.000000	15.580000	0.050000	1.790000
0.000000	18.010000	1.940000	1.650000
0.000000	18.010000	1.940000	1.650000
0.000000	19.200001	2.550000	1.960000
0.000000	19.200001	2.550000	1.960000
0.000000	19.490000	2.980000	2.240000
0.000000	19.490000	2.980000	2.240000
0.000000	20.809999	2.980000	2.150000
0.000000	20.809999	2.980000	2.150000
0.000000	21.990000	-1.510000	1.690000
0.000000	21.990000	-1.510000	1.690000
0.000000	22.510000	2.650000	1.550000
0.000000	22.510000	2.650000	1.550000
0.000000	21.170000	3.410000	1.520000
0.000000	21.170000	3.410000	1.520000
0.000000	21.590000	4.610000	0.940000
0.000000	21.590000	4.610000	0.940000
0.000000	17.670000	3.590000	2.660000
0.000000	17.670000	3.590000	2.660000
0.200000	10.710000	0.450000	3.860000
0.200000	10.710000	0.450000	3.860000
0.100000	7.950000	0.000000	2.370000
0.100000	7.950000	0.000000	2.370000
0.000000	15.990000	0.650000	3.070000
0.000000	15.990000	0.650000	3.070000
0.025000	12.360000	-0.980000	1.330000
0.025000	12.360000	-0.980000	1.330000
0.275000	12.590000	0.140000	2.300000
0.275000	12.590000	0.140000	2.300000
0.000000	7.820000	2.830000	2.400000
0.000000	7.820000	2.830000	2.400000
0.000000	11.550000	0.480000	3.000000
0.000000	11.550000	0.480000	3.000000
0.000000	13.950000	1.360000	1.850000
0.000000	13.950000	1.360000	1.850000
0.000000	13.360000	-0.420000	1.620000
0.000000	13.360000	-0.420000	1.620000
0.000000	18.450001	-1.660000	0.470000
0.000000	18.450001	-1.660000	0.470000
0.000000	18.820000	-1.960000	1.560000
0.000000	18.820000	-1.960000	1.560000
0.000000	17.200001	3.330000	1.950000
0.000000	17.200001	3.330000	1.950000
0.000000	11.950000	-2.280000	2.760000
0.000000	11.950000	-2.280000	2.760000
0.000000	14.220000	-3.050000	2.330000
0.000000	14.220000	-3.050000	2.330000
0.000000	14.420000	1.730000	1.860000
0.000000	14.420000	1.730000	1.860000
0.350000	9.660000	-0.300000	1.960000
0.350000	9.660000	-0.300000	1.960000
0.000000	8.900000	-0.060000	4.060000
0.000000	8.900000	-0.060000	4.060000
0.000000	10.480000	-0.330000	3.030000
0.000000	10.480000	-0.330000	3.030000
0.000000	10.400000	0.240000	1.770000
0.000000	10.400000	0.240000	1.770000
0.000000	19.430000	1.120000	1.490000
0.000000	19.430000	1.120000	1.490000
0.000000	23.879999	3.620000	2.030000
0.000000	23.879999	3.620000	2.030000
0.000000	25.180000	1.460000	0.450000
0.000000	25.180000	1.460000	0.450000
0.000000	18.340000	1.670000	3.180000
0.000000	18.340000	1.670000	3.180000
0.000000	14.730000	0.950000	2.010000
0.000000	14.730000	0.950000	2.010000
0.000000	15.170000	5.200000	1.350000
0.000000	15.170000	5.200000	1.350000
0.000000	14.260000	2.840000	1.940000
0.000000	14.260000	2.840000	1.940000
0.000000	13.620000	0.820000	3.240000
0.000000	13.620000	0.820000	3.240000
0.000000	12.750000	1.000000	2.200000
0.000000	12.750000	1.000000	2.200000
0.000000	14.920000	1.880000	2.740000
0.000000	14.920000	1.880000	2.740000
0.000000	17.900000	1.740000	2.260000
0.000000	17.900000	1.740000	2.260000
1.050000	11.890000	-1.030000	3.940000
1.050000	11.890000	-1.030000	3.940000
0.825000	10.330000	-1.790000	3.960000
0.825000	10.330000	-1.790000	3.960000
3.625000	11.100000	-2.380000	1.750000
3.625000	11.100000	-2.380000	1.750000
0.000000	16.549999	0.020000	2.960000
0.000000	16.549999	0.020000	2.960000
0.000000	13.470000	-0.240000	1.660000
0.000000	13.470000	-0.240000	1.660000
0.000000	12.670000	1.670000	0.800000
0.000000	12.670000	1.670000	0.800000
0.000000	12.790000	3.900000	1.550000
0.000000	12.790000	3.900000	1.550000
0.000000	14.620000	1.950000	2.360000
0.000000	14.620000	1.950000	2.360000
0.000000	12.680000	4.770000	2.600000
0.000000	12.680000	4.770000	2.600000
0.250000	11.650000	0.700000	4.810000
0.250000	11.650000	0.700000	4.810000
0.000000	11.180000	-0.460000	2.670000
0.000000	11.180000	-0.460000	2.670000
0.000000	15.430000	-1.660000	3.050000
0.000000	15.430000	-1.660000	3.050000
0.000000	13.400000	-1.630000	1.460000
0.000000	13.400000	-1.630000	1.460000
1.850000	14.300000	-1.970000	1.900000
1.850000	14.300000	-1.970000	1.900000
0.000000	13.890000	-3.270000	3.080000
0.000000	13.890000	-3.270000	3.080000
0.000000	15.510000	-1.120000	1.050000
0.000000	15.510000	-1.120000	1.050000
0.000000	15.510000	-1.520000	1.470000
0.000000	15.510000	-1.520000	1.470000
0.000000	18.530001	2.020000	1.890000
